"OPEN 6.3.4"
"Fri Aug 25 2017 08:29:30"
<open><version>"6.3.4"</version></open>
<open><configfile>"/User/Configs/UserPrefs/2x3 LED.xml"</configfile></open>
<open><light><source>"6400-02 or -02B LED Source"</source><par_in>1<sensor>"SI-4361"<cal>-0.89<actinity>1.00</actinity><transm>1.00</transm></cal></sensor><transm>1</transm></par_in><par_out>1<sensor>"Q53444"<cal>6.53</cal></sensor></par_out></light></open>
<open><comps><file>"/User/Configs/Comps/StdComps_6.3"<header>""</header><extras></extras></file><energybal>no<f_parIn>1</f_parIn><f_parOut>0</f_parOut><alphaK>0.16</alphaK></energybal><bc_total>2.840<stomatal_ratio>1</stomatal_ratio><bc_oneside>1.420<type>2</type><table>"/Sys/Lib/StdBLCTable"</table><area>6</area><slope>-0.219565</slope><offset>2.73739</offset><fan>5</fan></bc_oneside></bc_total></comps></open>
<open><prompts><onlog>off</onlog><items>"Default (none)"</items></prompts></open>
<open><constants><oxygen>21 %</oxygen><bb_vapor>1.5</bb_vapor><bb_oxy>0.9</bb_oxy></constants></open>
<open><stability><items>"Std Stability"<items[1]><id>-2</id><size>15</size><pcv><onoff>0</onoff><value>1</value></pcv><std><onoff>0</onoff><value>1</value></std><slp><onoff>1</onoff><value>1</value></slp></items[1]><items[2]><id>-5</id><size>15</size><pcv><onoff>0</onoff><value>1</value></pcv><std><onoff>0</onoff><value>1</value></std><slp><onoff>1</onoff><value>1</value></slp></items[2]><items[3]><id>-7</id><size>15</size><pcv><onoff>0</onoff><value>1</value></pcv><std><onoff>0</onoff><value>1</value></std><slp><onoff>1</onoff><value>1</value></slp></items[3]></items></stability></open>
<open><log><format>"StdLogFmt_6.3"<items>{ -35 -21 -36 -76 30 23 36 21 25 221 -33 111 -34 11 -9 -10 -8 -1 -2 -4 -5 -14 -15 -7 -12 -13 -11 -65 -66 -117 -119 -116 -118 -72 -18 -19 -77 -78 -79 -23  }<hdr>{  }</hdr></items></format><options><beep>on</beep><match>"never"<time>30</time><co2>100</co2><delta>10</delta></match><hdr>normal</hdr><rem>normal</rem><stab>no</stab><stats>no<mean>no</mean><file>no</file><period>15</period></stats><excel>yes</excel><controls>yes</controls><comm>no</comm></options><datafile>"/User/tea 8-25-17 eric"</datafile><button><action>"Normal Log"<code>" LogOneObsManual "</code></action></button><autoprog>"/User/Configs/AutoProgs/AutoLog2"<active>no</active></autoprog></log></open>
<open><a2d><avgtime>4.0 secs</avgtime><userchans><ch20>"Off"</ch20><ch21>"Off"</ch21><ch22>"Off"</ch22><ch23>"Off"</ch23></userchans></a2d></open>
<open><matching><type>0</type><disp>'a'</disp><settings>><CO2Limit>10.0</CO2Limit><H2OLimit>1.0</H2OLimit><MaxAutoTime>60</MaxAutoTime><AverageTime>10</AverageTime></settings></matching></open>
<li6400><factory><unit>"PSC-4474"</unit><serviced>"7 May 2015"</serviced><fuseaware>0</fuseaware><co2mixer>yes</co2mixer><co2><coeffs>{ 0 0.217429 2.10152e-05 2.43627e-08 -4.73899e-12 4.61747e-16  }</coeffs><dvdt>-3</dvdt><xs>{ 0.000835 -0.000313  }</xs></co2><h2o><coeffs>{ 0 0.00572906 2.32242e-06 -7.20547e-12  }</coeffs><dvdt>-0.6</dvdt><xs>{ -0.00127 -0.0017  }</xs></h2o><flow>{ 0 0.3598  }</flow><press>{ 87.009 0.00546  }</press></factory></li6400>
<li6400><user><flow_zero>1098.5</flow_zero><irga_zero><co2>201.1 201.1<at>23.9524</at></co2><h2o>162.1 162.1<at>22.6007</at></h2o></irga_zero><irga_span><co2>{ 0.991443 0.995866  }</co2><h2o>{ 1.00388 1.01013  }</h2o></irga_span><irga_match><co2>{ 0.504685 2.16177  }</co2><h2o>{ -0.014449 -0.0994089  }</h2o></irga_match><co2_mixer><pump_mv>4500</pump_mv><ppm>{ 2297.21 1142.42 497.458 332.616 193.441 146.241 123.048 119.483  }</ppm><mv>{ 5000 3000 1500 1000 500 300 200 100  }</mv></co2_mixer><parin_offset>0</parin_offset><led_cal><unit>"SI-4361"</unit><mv>{ 10 25 50 100 1000 2000 3000 4000 5000  }</mv><qntm>{ 4.86434 16.5082 38.3415 81.5689 913.01 1786.76 2607.95 3387.69 4117.73  }</qntm></led_cal><lcf_cal><unit>"unknown"</unit><red><mv>{ 50 100 500 1000 1500 5000  }</mv><qntm>{ 50 100 500 1000 2000 5000  }</qntm></red><blue><mv>{ 100 200 500 1000 2000 5000  }</mv><qntm>{ 10 20 50 100 200 500  }</qntm></blue></lcf_cal></user></li6400>
$STARTOFDATA$
"Obs"	"HHMMSS"	"FTime"	"EBal?"	"Photo"	"Cond"	"Ci"	"Trmmol"	"VpdL"	"CTleaf"	"Area"	"BLC_1"	"StmRat"	"BLCond"	"Tair"	"Tleaf"	"TBlk"	"CO2R"	"CO2S"	"H2OR"	"H2OS"	"RH_R"	"RH_S"	"Flow"	"PARi"	"PARo"	"Press"	"CsMch"	"HsMch"	"CsMchSD"	"HsMchSD"	"CrMchSD"	"HrMchSD"	"StableF"	"BLCslope"	"BLCoffst"	"f_parin"	"f_parout"	"alphaK"	"Status"
"08:30:38 Lamp: ParIn ->  500 uml"
"08:32:37 CO2 Mixer: CO2R -> 400 uml"
"08:40:20 Lamp: ParIn ->  500 uml"
"08:40:20 CO2 Mixer: CO2R -> 400 uml"
"08:40:20 Coolers: Off"
"08:40:20 Flow: Fixed -> 500 umol/s"
"08:42:11 Flow: Fixed -> 500 umol/s"
"08:43:13 c 4 a"
1	"08:43:53"	932.0	0	6.62	0.0589	202	0.724	1.25	22.31	6	1.42	1	2.84	22.53	22.31	22.50	399.15	390.86	13.453	14.310	49.90	53.08	499.7	501	0	101.6	3.19	0.128	0.0804	0.00402	0.124	0.0103	0.7	-0.22	2.74	1.00	0.00	0.16	111115
2	"08:43:58"	937.0	0	6.99	0.0594	193	0.731	1.25	22.32	6	1.42	1	2.84	22.54	22.32	22.51	399.56	390.83	13.454	14.319	49.88	53.08	499.7	501	0	101.6	3.19	0.128	0.0804	0.00402	0.124	0.0103	0.7	-0.22	2.74	1.00	0.00	0.16	111115
3	"08:44:03"	942.0	0	6.96	0.0596	195	0.731	1.25	22.31	6	1.42	1	2.84	22.54	22.31	22.52	399.85	391.14	13.462	14.328	49.89	53.10	499.7	501	0	101.6	3.19	0.128	0.0804	0.00402	0.124	0.0103	1.0	-0.22	2.74	1.00	0.00	0.16	111115
"08:44:24 c 4 b"
4	"08:44:39"	978.0	0	7.08	0.0783	237	0.941	1.23	22.36	6	1.42	1	2.84	22.59	22.36	22.58	400.18	391.24	13.490	14.603	49.84	53.95	499.7	500	0	101.6	3.19	0.128	0.0804	0.00402	0.124	0.0103	0.3	-0.22	2.74	1.00	0.00	0.16	111115
5	"08:44:46"	985.0	0	6.9	0.0791	242	0.949	1.23	22.37	6	1.42	1	2.84	22.60	22.37	22.59	399.93	391.21	13.504	14.628	49.86	54.00	499.7	499	0	101.6	3.19	0.128	0.0804	0.00402	0.124	0.0103	0.7	-0.22	2.74	1.00	0.00	0.16	111115
6	"08:44:51"	990.0	0	6.78	0.0801	246	0.959	1.22	22.36	6	1.42	1	2.84	22.61	22.36	22.60	399.80	391.21	13.509	14.643	49.85	54.04	499.7	499	0	101.6	3.19	0.128	0.0804	0.00402	0.124	0.0103	1.0	-0.22	2.74	1.00	0.00	0.16	111115
"08:45:09 c 4 c"
7	"08:45:31"	1030.0	0	6.34	0.0654	228	0.805	1.25	22.45	6	1.42	1	2.84	22.66	22.45	22.65	400.06	392.07	13.546	14.498	49.84	53.35	499.7	499	0	101.6	3.19	0.128	0.0804	0.00402	0.124	0.0103	1.0	-0.22	2.74	1.00	0.00	0.16	111115
8	"08:45:38"	1037.0	0	6.48	0.0648	222	0.798	1.26	22.46	6	1.42	1	2.84	22.67	22.46	22.66	400.14	391.97	13.561	14.506	49.87	53.35	499.7	499	0	101.6	3.19	0.128	0.0804	0.00402	0.124	0.0103	1.0	-0.22	2.74	1.00	0.00	0.16	111115
9	"08:45:45"	1044.0	0	6.51	0.0664	226	0.819	1.26	22.48	6	1.42	1	2.84	22.67	22.48	22.67	400.16	391.95	13.552	14.521	49.82	53.38	499.7	499	0	101.6	3.19	0.128	0.0804	0.00402	0.124	0.0103	1.0	-0.22	2.74	1.00	0.00	0.16	111115
10	"08:45:51"	1050.0	0	6.68	0.0678	225	0.836	1.26	22.49	6	1.42	1	2.84	22.68	22.49	22.68	400.15	391.74	13.547	14.536	49.78	53.41	499.7	499	0	101.6	3.19	0.128	0.0804	0.00402	0.124	0.0103	1.0	-0.22	2.74	1.00	0.00	0.16	111115
11	"08:45:57"	1056.0	0	6.59	0.0678	227	0.836	1.26	22.49	6	1.42	1	2.84	22.69	22.49	22.69	400.05	391.75	13.549	14.538	49.76	53.40	499.7	499	0	101.6	3.19	0.128	0.0804	0.00402	0.124	0.0103	0.7	-0.22	2.74	1.00	0.00	0.16	111115
"08:47:42 Flow: Fixed -> 500 umol/s"
"08:47:50 c 10 a"
12	"08:48:29"	1208.5	0	6.99	0.111	280	1.28	1.19	22.47	6	1.42	1	2.84	23.02	22.47	23.04	399.77	390.78	13.658	15.167	49.19	54.62	499.7	500	0	101.6	3.15	0.125	0.0287	0.0051	0.0391	0.00335	0.7	-0.22	2.74	1.00	0.00	0.16	111115
13	"08:48:37"	1216.5	0	7.5	0.114	275	1.31	1.19	22.48	6	1.42	1	2.84	23.03	22.48	23.06	399.84	390.23	13.644	15.196	49.08	54.66	499.7	500	0	101.6	3.15	0.125	0.0287	0.0051	0.0391	0.00335	0.7	-0.22	2.74	1.00	0.00	0.16	111115
14	"08:48:43"	1222.5	0	7.82	0.115	272	1.32	1.19	22.48	6	1.42	1	2.84	23.05	22.48	23.08	400.25	390.24	13.653	15.216	49.06	54.68	499.7	500	0	101.6	3.15	0.125	0.0287	0.0051	0.0391	0.00335	0.7	-0.22	2.74	1.00	0.00	0.16	111115
15	"08:48:49"	1228.5	0	7.72	0.115	273	1.32	1.19	22.50	6	1.42	1	2.84	23.07	22.50	23.10	400.26	390.37	13.657	15.224	49.03	54.65	499.7	500	0	101.6	3.15	0.125	0.0287	0.0051	0.0391	0.00335	1.0	-0.22	2.74	1.00	0.00	0.16	111115
"08:49:12 c 10 b"
16	"08:49:49"	1289.5	0	6.5	0.117	293	1.35	1.2	22.60	6	1.42	1	2.84	23.19	22.60	23.22	400.13	391.69	13.673	15.269	48.73	54.42	499.7	499	0	101.6	3.15	0.125	0.0287	0.0051	0.0391	0.00335	0.7	-0.22	2.74	1.00	0.00	0.16	111115
17	"08:49:56"	1296.0	0	6.46	0.117	294	1.36	1.2	22.61	6	1.42	1	2.84	23.20	22.61	23.23	400.10	391.71	13.670	15.276	48.69	54.41	499.7	499	0	101.6	3.15	0.125	0.0287	0.0051	0.0391	0.00335	1.0	-0.22	2.74	1.00	0.00	0.16	111115
18	"08:50:01"	1301.5	0	6.54	0.117	293	1.36	1.2	22.62	6	1.42	1	2.84	23.21	22.62	23.24	400.08	391.59	13.676	15.287	48.68	54.41	499.7	499	0	101.6	3.15	0.125	0.0287	0.0051	0.0391	0.00335	1.0	-0.22	2.74	1.00	0.00	0.16	111115
"08:50:25 c 10 c"
19	"08:50:58"	1358.0	0	4.86	0.102	308	1.22	1.24	22.78	6	1.42	1	2.84	23.31	22.78	23.35	399.98	393.56	13.699	15.147	48.45	53.57	499.7	499	0	101.6	3.15	0.125	0.0287	0.0051	0.0391	0.00335	0.7	-0.22	2.74	1.00	0.00	0.16	111115
20	"08:51:05"	1365.5	0	4.98	0.102	306	1.24	1.24	22.79	6	1.42	1	2.84	23.33	22.79	23.36	399.83	393.26	13.698	15.159	48.41	53.57	499.6	499	0	101.6	3.15	0.125	0.0287	0.0051	0.0391	0.00335	0.7	-0.22	2.74	1.00	0.00	0.16	111115
21	"08:51:12"	1372.0	0	5.06	0.102	305	1.24	1.24	22.80	6	1.42	1	2.84	23.34	22.80	23.38	399.86	393.20	13.701	15.162	48.38	53.54	499.6	499	0	101.6	3.15	0.125	0.0287	0.0051	0.0391	0.00335	0.7	-0.22	2.74	1.00	0.00	0.16	111115
22	"08:51:16"	1376.0	0	5.01	0.103	306	1.24	1.24	22.80	6	1.42	1	2.84	23.35	22.80	23.38	399.77	393.18	13.705	15.170	48.37	53.54	499.7	499	0	101.6	3.15	0.125	0.0287	0.0051	0.0391	0.00335	0.7	-0.22	2.74	1.00	0.00	0.16	111115
"08:52:50 c 3 a"
"08:53:19 Flow: Fixed -> 500 umol/s"
23	"08:54:00"	1539.5	0	9.45	0.12	250	1.47	1.26	23.15	6	1.42	1	2.84	23.75	23.15	23.78	399.10	387.07	13.826	15.558	47.64	53.61	499.7	501	0	101.6	3.06	0.101	0.0326	0.00265	0.034	0.00156	0.7	-0.22	2.74	1.00	0.00	0.16	111115
24	"08:54:07"	1546.5	0	8.96	0.121	258	1.48	1.27	23.20	6	1.42	1	2.84	23.76	23.20	23.80	398.69	387.25	13.829	15.576	47.60	53.61	499.7	501	0	101.6	3.06	0.101	0.0326	0.00265	0.034	0.00156	0.7	-0.22	2.74	1.00	0.00	0.16	111115
25	"08:54:13"	1552.5	0	9.17	0.121	255	1.49	1.27	23.22	6	1.42	1	2.84	23.78	23.22	23.82	398.61	386.90	13.833	15.591	47.56	53.61	499.7	501	0	101.6	3.06	0.101	0.0326	0.00265	0.034	0.00156	1.0	-0.22	2.74	1.00	0.00	0.16	111115
26	"08:54:18"	1557.5	0	9.92	0.121	244	1.48	1.27	23.23	6	1.42	1	2.84	23.79	23.23	23.83	399.87	387.27	13.835	15.587	47.54	53.56	499.6	501	0	101.6	3.06	0.101	0.0326	0.00265	0.034	0.00156	1.0	-0.22	2.74	1.00	0.00	0.16	111115
"08:54:43 c 3 b"
27	"08:54:52"	1591.5	0	7.16	0.125	289	1.49	1.23	22.99	6	1.42	1	2.84	23.82	22.99	23.88	400.07	390.78	13.848	15.608	47.50	53.54	499.6	495	0	101.6	3.06	0.101	0.0326	0.00265	0.034	0.00156	0.3	-0.22	2.74	1.00	0.00	0.16	111115
28	"08:54:58"	1597.5	0	7.17	0.128	291	1.53	1.24	23.07	6	1.42	1	2.84	23.83	23.07	23.88	400.01	390.69	13.851	15.654	47.50	53.68	499.7	499	0	101.6	3.06	0.101	0.0326	0.00265	0.034	0.00156	0.3	-0.22	2.74	1.00	0.00	0.16	111115
29	"08:55:04"	1603.5	0	7.09	0.13	293	1.56	1.24	23.10	6	1.42	1	2.84	23.83	23.10	23.88	399.96	390.71	13.856	15.694	47.51	53.81	499.6	499	0	101.6	3.06	0.101	0.0326	0.00265	0.034	0.00156	1.0	-0.22	2.74	1.00	0.00	0.16	111115
30	"08:55:09"	1608.5	0	7.01	0.129	294	1.55	1.25	23.12	6	1.42	1	2.84	23.83	23.12	23.89	399.87	390.72	13.857	15.691	47.51	53.79	499.6	499	0	101.6	3.06	0.101	0.0326	0.00265	0.034	0.00156	1.0	-0.22	2.74	1.00	0.00	0.16	111115
"08:55:37 c 3 c"
31	"08:55:56"	1655.5	0	8.11	0.128	278	1.55	1.25	23.17	6	1.42	1	2.84	23.86	23.17	23.92	399.94	389.48	13.869	15.699	47.47	53.73	499.7	499	0	101.6	3.06	0.101	0.0326	0.00265	0.034	0.00156	1.0	-0.22	2.74	1.00	0.00	0.16	111115
32	"08:56:04"	1663.5	0	8.19	0.13	277	1.57	1.25	23.19	6	1.42	1	2.84	23.87	23.19	23.92	399.48	388.91	13.871	15.720	47.45	53.78	499.7	499	0	101.6	3.06	0.101	0.0326	0.00265	0.034	0.00156	0.7	-0.22	2.74	1.00	0.00	0.16	111115
33	"08:56:09"	1668.5	0	8.4	0.128	273	1.55	1.26	23.20	6	1.42	1	2.84	23.87	23.20	23.93	399.52	388.70	13.876	15.706	47.46	53.72	499.7	499	0	101.6	3.06	0.101	0.0326	0.00265	0.034	0.00156	0.7	-0.22	2.74	1.00	0.00	0.16	111115
34	"08:56:14"	1673.5	0	9.05	0.127	263	1.54	1.26	23.21	6	1.42	1	2.84	23.88	23.21	23.93	399.70	388.12	13.876	15.695	47.44	53.66	499.6	499	0	101.6	3.06	0.101	0.0326	0.00265	0.034	0.00156	0.7	-0.22	2.74	1.00	0.00	0.16	111115
"08:58:39 Flow: Fixed -> 500 umol/s"
"08:58:50 f 10 a"
35	"08:59:43"	1882.5	0	5.77	0.0575	222	0.802	1.41	23.66	6	1.42	1	2.84	24.07	23.66	24.11	399.71	392.40	14.011	14.959	47.35	50.55	499.7	500	0	101.6	3.09	0.0986	0.0294	0.00193	0.0627	0.0021	0.7	-0.22	2.74	1.00	0.00	0.16	111115
36	"08:59:49"	1888.5	0	6.1	0.0577	213	0.805	1.41	23.67	6	1.42	1	2.84	24.08	23.67	24.12	399.94	392.24	14.013	14.965	47.34	50.55	499.6	500	0	101.6	3.09	0.0986	0.0294	0.00193	0.0627	0.0021	0.7	-0.22	2.74	1.00	0.00	0.16	111115
37	"08:59:54"	1893.5	0	6.18	0.0578	211	0.806	1.41	23.67	6	1.42	1	2.84	24.08	23.67	24.12	400.06	392.25	14.012	14.965	47.32	50.54	499.6	500	0	101.6	3.09	0.0986	0.0294	0.00193	0.0627	0.0021	0.7	-0.22	2.74	1.00	0.00	0.16	111115
38	"08:59:59"	1898.5	0	6.08	0.0574	213	0.802	1.42	23.68	6	1.42	1	2.84	24.09	23.68	24.12	400.09	392.42	14.017	14.966	47.32	50.52	499.7	500	0	101.6	3.09	0.0986	0.0294	0.00193	0.0627	0.0021	1.0	-0.22	2.74	1.00	0.00	0.16	111115
"09:00:26 f 10 b"
39	"09:01:03"	1962.5	0	4.56	0.0413	209	0.599	1.46	23.79	6	1.42	1	2.84	24.12	23.79	24.13	400.02	394.26	13.997	14.706	47.17	49.56	499.6	500	0	101.6	3.09	0.0986	0.0294	0.00193	0.0627	0.0021	1.0	-0.22	2.74	1.00	0.00	0.16	111115
40	"09:01:08"	1967.5	0	4.73	0.0416	203	0.604	1.46	23.79	6	1.42	1	2.84	24.12	23.79	24.14	400.11	394.14	14.002	14.716	47.18	49.59	499.6	500	0	101.6	3.09	0.0986	0.0294	0.00193	0.0627	0.0021	1.0	-0.22	2.74	1.00	0.00	0.16	111115
41	"09:01:12"	1971.5	0	4.7	0.0406	200	0.589	1.46	23.80	6	1.42	1	2.84	24.12	23.80	24.14	400.05	394.13	14.001	14.699	47.17	49.52	499.6	500	0	101.6	3.09	0.0986	0.0294	0.00193	0.0627	0.0021	1.0	-0.22	2.74	1.00	0.00	0.16	111115
42	"09:01:17"	1976.5	0	4.58	0.0406	204	0.59	1.47	23.80	6	1.42	1	2.84	24.13	23.80	24.14	400.01	394.23	13.994	14.693	47.14	49.49	499.6	500	0	101.6	3.09	0.0986	0.0294	0.00193	0.0627	0.0021	1.0	-0.22	2.74	1.00	0.00	0.16	111115
"09:01:42 f 10 c"
43	"09:01:51"	2010.5	0	5.28	0.0419	182	0.607	1.46	23.78	6	1.42	1	2.84	24.14	23.78	24.17	399.75	393.12	13.974	14.693	47.02	49.44	499.7	499	0	101.6	3.09	0.0986	0.0294	0.00193	0.0627	0.0021	0.3	-0.22	2.74	1.00	0.00	0.16	111115
44	"09:01:57"	2016.5	0	5.45	0.0442	186	0.641	1.47	23.82	6	1.42	1	2.84	24.15	23.82	24.18	399.65	392.81	13.974	14.732	46.99	49.54	499.7	500	0	101.6	3.09	0.0986	0.0294	0.00193	0.0627	0.0021	0.3	-0.22	2.74	1.00	0.00	0.16	111115
45	"09:02:01"	2020.5	0	5.39	0.046	196	0.668	1.47	23.84	6	1.42	1	2.84	24.16	23.84	24.19	399.60	392.81	13.970	14.760	46.96	49.61	499.7	500	0	101.6	3.09	0.0986	0.0294	0.00193	0.0627	0.0021	0.7	-0.22	2.74	1.00	0.00	0.16	111115
46	"09:02:06"	2025.5	0	5.55	0.047	194	0.683	1.47	23.86	6	1.42	1	2.84	24.17	23.86	24.20	399.61	392.61	13.966	14.774	46.92	49.64	499.6	500	0	101.6	3.09	0.0986	0.0294	0.00193	0.0627	0.0021	0.7	-0.22	2.74	1.00	0.00	0.16	111115
"09:03:34 Flow: Fixed -> 500 umol/s"
"09:03:41 f 5 a"
47	"09:04:27"	2166.0	0	3.99	0.0427	236	0.634	1.5	24.02	6	1.42	1	2.84	24.31	24.02	24.36	399.74	394.64	14.002	14.753	46.64	49.13	499.6	500	0	101.6	3.44	0.089	0.136	0.00443	0.0818	0.00374	0.7	-0.22	2.74	1.00	0.00	0.16	111115
48	"09:04:33"	2172.0	0	3.97	0.0427	236	0.634	1.5	24.02	6	1.42	1	2.84	24.32	24.02	24.36	399.68	394.61	14.004	14.754	46.64	49.14	499.7	500	0	101.6	3.44	0.089	0.136	0.00443	0.0818	0.00374	0.7	-0.22	2.74	1.00	0.00	0.16	111115
49	"09:04:39"	2178.0	0	3.72	0.0429	247	0.637	1.5	24.03	6	1.42	1	2.84	24.32	24.03	24.36	399.46	394.69	14.006	14.760	46.64	49.15	499.7	500	0	101.6	3.44	0.089	0.136	0.00443	0.0818	0.00374	1.0	-0.22	2.74	1.00	0.00	0.16	111115
50	"09:04:43"	2182.0	0	3.93	0.0421	236	0.626	1.5	24.03	6	1.42	1	2.84	24.32	24.03	24.36	399.71	394.70	14.010	14.751	46.65	49.12	499.7	500	0	101.6	3.44	0.089	0.136	0.00443	0.0818	0.00374	1.0	-0.22	2.74	1.00	0.00	0.16	111115
"09:05:07 f 5 b"
51	"09:05:28"	2227.0	0	5.29	0.0546	229	0.791	1.47	23.95	6	1.42	1	2.84	24.34	23.95	24.38	400.41	393.69	14.011	14.946	46.60	49.72	499.6	500	0	101.6	3.44	0.089	0.136	0.00443	0.0818	0.00374	0.7	-0.22	2.74	1.00	0.00	0.16	111115
52	"09:05:34"	2233.0	0	5.09	0.0546	235	0.792	1.47	23.97	6	1.42	1	2.84	24.34	23.97	24.39	400.02	393.53	14.013	14.950	46.60	49.71	499.6	500	0	101.6	3.44	0.089	0.136	0.00443	0.0818	0.00374	0.7	-0.22	2.74	1.00	0.00	0.16	111115
53	"09:05:38"	2237.0	0	5.23	0.0541	229	0.786	1.47	23.98	6	1.42	1	2.84	24.34	23.98	24.39	399.89	393.24	14.019	14.949	46.61	49.70	499.6	500	0	101.6	3.44	0.089	0.136	0.00443	0.0818	0.00374	0.7	-0.22	2.74	1.00	0.00	0.16	111115
54	"09:05:42"	2241.0	0	5.32	0.0538	225	0.782	1.47	23.99	6	1.42	1	2.84	24.35	23.99	24.40	399.80	393.04	14.018	14.943	46.59	49.67	499.6	500	0	101.6	3.44	0.089	0.136	0.00443	0.0818	0.00374	0.7	-0.22	2.74	1.00	0.00	0.16	111115
"09:06:02 f 5 c"
55	"09:06:20"	2279.0	0	4.96	0.0556	241	0.806	1.47	23.99	6	1.42	1	2.84	24.38	23.99	24.42	400.13	393.79	14.032	14.985	46.56	49.72	499.7	500	0	101.7	3.44	0.089	0.136	0.00443	0.0818	0.00374	1.0	-0.22	2.74	1.00	0.00	0.16	111115
56	"09:06:25"	2284.0	0	4.75	0.0555	247	0.805	1.47	23.99	6	1.42	1	2.84	24.38	23.99	24.42	399.91	393.83	14.034	14.986	46.55	49.71	499.7	500	0	101.7	3.44	0.089	0.136	0.00443	0.0818	0.00374	1.0	-0.22	2.74	1.00	0.00	0.16	111115
57	"09:06:29"	2288.0	0	4.83	0.055	243	0.797	1.47	23.98	6	1.42	1	2.84	24.39	23.98	24.43	400.04	393.85	14.044	14.986	46.56	49.69	499.6	500	0	101.7	3.44	0.089	0.136	0.00443	0.0818	0.00374	1.0	-0.22	2.74	1.00	0.00	0.16	111115
58	"09:06:34"	2293.0	0	4.73	0.0549	246	0.797	1.47	23.99	6	1.42	1	2.84	24.40	23.99	24.44	399.84	393.79	14.040	14.983	46.53	49.65	499.7	500	0	101.7	3.44	0.089	0.136	0.00443	0.0818	0.00374	1.0	-0.22	2.74	1.00	0.00	0.16	111115
"09:09:16 Flow: Fixed -> 500 umol/s"
"09:10:08 f 2 a"
59	"09:10:14"	2513.5	0	1.69	0.0138	191	0.221	1.6	24.34	6	1.42	1	2.84	24.63	24.34	24.69	397.79	395.66	14.068	14.329	45.97	46.83	499.6	505	0	101.7	3.3	0.086	0.169	0.00272	0.156	0.00196	0.7	-0.22	2.74	1.00	0.00	0.16	111115
60	"09:10:20"	2519.5	0	1.15	0.015	263	0.239	1.6	24.35	6	1.42	1	2.84	24.63	24.35	24.69	396.41	394.91	14.066	14.349	45.96	46.89	499.6	500	0	101.7	3.3	0.086	0.169	0.00272	0.156	0.00196	0.7	-0.22	2.74	1.00	0.00	0.16	111115
61	"09:10:25"	2524.5	0	1.65	0.0151	210	0.241	1.6	24.34	6	1.42	1	2.84	24.63	24.34	24.69	396.14	394.04	14.057	14.343	45.93	46.87	499.6	499	0	101.7	3.3	0.086	0.169	0.00272	0.156	0.00196	0.7	-0.22	2.74	1.00	0.00	0.16	111115
62	"09:10:29"	2528.5	0	1.93	0.0156	188	0.25	1.6	24.34	6	1.42	1	2.84	24.64	24.34	24.69	396.13	393.70	14.051	14.346	45.91	46.87	499.6	499	0	101.7	3.3	0.086	0.169	0.00272	0.156	0.00196	0.7	-0.22	2.74	1.00	0.00	0.16	111115
"09:10:44 f 2 b"
63	"09:11:14"	2573.5	0	2.99	0.0184	128	0.288	1.57	24.17	6	1.42	1	2.84	24.62	24.17	24.68	399.84	396.11	14.002	14.344	45.79	46.91	499.6	500	0	101.7	3.3	0.086	0.169	0.00272	0.156	0.00196	1.0	-0.22	2.74	1.00	0.00	0.16	111115
64	"09:11:19"	2578.5	0	2.88	0.0187	141	0.293	1.57	24.19	6	1.42	1	2.84	24.62	24.19	24.69	400.10	396.50	13.999	14.346	45.78	46.91	499.6	500	0	101.7	3.3	0.086	0.169	0.00272	0.156	0.00196	0.7	-0.22	2.74	1.00	0.00	0.16	111115
65	"09:11:23"	2582.5	0	2.68	0.0184	155	0.289	1.57	24.19	6	1.42	1	2.84	24.62	24.19	24.69	400.04	396.68	13.995	14.338	45.76	46.88	499.6	500	0	101.7	3.3	0.086	0.169	0.00272	0.156	0.00196	0.7	-0.22	2.74	1.00	0.00	0.16	111115
66	"09:11:28"	2587.5	0	2.66	0.0184	157	0.289	1.57	24.20	6	1.42	1	2.84	24.63	24.20	24.69	400.01	396.68	13.995	14.338	45.76	46.87	499.6	500	0	101.7	3.3	0.086	0.169	0.00272	0.156	0.00196	0.7	-0.22	2.74	1.00	0.00	0.16	111115
"09:11:41 f 2 c"
67	"09:12:01"	2620.5	0	2.87	0.0206	165	0.325	1.58	24.24	6	1.42	1	2.84	24.64	24.24	24.71	400.10	396.50	13.989	14.374	45.68	46.94	499.6	500	0	101.7	3.3	0.086	0.169	0.00272	0.156	0.00196	0.7	-0.22	2.74	1.00	0.00	0.16	111115
68	"09:12:07"	2626.5	0	2.97	0.0208	160	0.328	1.58	24.26	6	1.42	1	2.84	24.65	24.26	24.72	400.51	396.79	13.984	14.372	45.65	46.92	499.6	500	0	101.7	3.3	0.086	0.169	0.00272	0.156	0.00196	0.7	-0.22	2.74	1.00	0.00	0.16	111115
69	"09:12:12"	2631.5	0	2.64	0.0212	189	0.335	1.58	24.29	6	1.42	1	2.84	24.66	24.29	24.72	400.28	396.95	13.985	14.382	45.64	46.93	499.7	500	0	101.7	3.3	0.086	0.169	0.00272	0.156	0.00196	0.7	-0.22	2.74	1.00	0.00	0.16	111115
70	"09:12:16"	2635.5	0	2.39	0.0209	205	0.331	1.59	24.30	6	1.42	1	2.84	24.66	24.30	24.73	399.96	396.94	13.986	14.378	45.63	46.91	499.6	500	0	101.7	3.3	0.086	0.169	0.00272	0.156	0.00196	0.7	-0.22	2.74	1.00	0.00	0.16	111115
"09:13:15 Flow: Fixed -> 500 umol/s"
"09:22:06 Flow: Fixed -> 500 umol/s"
"09:22:12 d 3 a"
71	"09:23:16"	3295.5	0	5.11	0.0383	167	0.718	1.88	26.42	6	1.42	1	2.84	26.65	26.42	26.67	398.53	392.06	14.636	15.485	42.45	44.91	499.6	501	0	101.7	3.63	0.0601	0.32	0.00215	0.309	0.00174	0.7	-0.22	2.74	1.00	0.00	0.16	111115
72	"09:23:23"	3302.5	0	5.69	0.0376	139	0.706	1.89	26.42	6	1.42	1	2.84	26.65	26.42	26.68	399.12	391.96	14.640	15.475	42.44	44.85	499.6	501	0	101.7	3.63	0.0601	0.32	0.00215	0.309	0.00174	1.0	-0.22	2.74	1.00	0.00	0.16	111115
73	"09:23:25"	3304.5	0	5.88	0.0373	129	0.701	1.89	26.43	6	1.42	1	2.84	26.66	26.43	26.69	399.57	392.18	14.642	15.470	42.44	44.84	499.7	501	0	101.7	3.63	0.0601	0.32	0.00215	0.309	0.00174	1.0	-0.22	2.74	1.00	0.00	0.16	111115
74	"09:23:30"	3309.5	0	5.48	0.0367	143	0.69	1.89	26.42	6	1.42	1	2.84	26.66	26.42	26.69	399.64	392.73	14.639	15.455	42.42	44.78	499.6	501	0	101.7	3.63	0.0601	0.32	0.00215	0.309	0.00174	0.7	-0.22	2.74	1.00	0.00	0.16	111115
75	"09:23:35"	3314.5	0	5.06	0.0369	163	0.694	1.89	26.42	6	1.42	1	2.84	26.67	26.42	26.70	399.35	392.95	14.639	15.459	42.39	44.77	499.6	501	0	101.7	3.63	0.0601	0.32	0.00215	0.309	0.00174	0.7	-0.22	2.74	1.00	0.00	0.16	111115
76	"09:23:39"	3318.5	0	5.11	0.0362	156	0.682	1.89	26.43	6	1.42	1	2.84	26.67	26.43	26.71	399.26	392.80	14.639	15.445	42.39	44.72	499.7	501	0	101.7	3.63	0.0601	0.32	0.00215	0.309	0.00174	0.7	-0.22	2.74	1.00	0.00	0.16	111115
"09:24:06 d 3 b"
77	"09:24:21"	3360.5	0	4.55	0.0349	175	0.647	1.86	26.28	6	1.42	1	2.84	26.69	26.28	26.74	399.69	393.91	14.672	15.437	42.43	44.65	499.6	500	0	101.7	3.63	0.0601	0.32	0.00215	0.309	0.00174	0.7	-0.22	2.74	1.00	0.00	0.16	111115
78	"09:24:27"	3366.5	0	4.57	0.0346	172	0.643	1.87	26.30	6	1.42	1	2.84	26.69	26.30	26.74	399.71	393.92	14.677	15.437	42.45	44.64	499.6	500	0	101.7	3.63	0.0601	0.32	0.00215	0.309	0.00174	1.0	-0.22	2.74	1.00	0.00	0.16	111115
79	"09:24:33"	3372.5	0	4.72	0.0344	164	0.641	1.87	26.32	6	1.42	1	2.84	26.69	26.32	26.75	399.83	393.86	14.680	15.438	42.45	44.65	499.6	500	0	101.7	3.63	0.0601	0.32	0.00215	0.309	0.00174	1.0	-0.22	2.74	1.00	0.00	0.16	111115
80	"09:24:39"	3378.5	0	4.75	0.0343	161	0.638	1.87	26.32	6	1.42	1	2.84	26.69	26.32	26.75	399.97	393.96	14.677	15.431	42.45	44.63	499.6	500	0	101.7	3.63	0.0601	0.32	0.00215	0.309	0.00174	1.0	-0.22	2.74	1.00	0.00	0.16	111115
"09:25:13 d 3 c"
81	"09:25:23"	3423.5	0	6.61	0.0618	209	1.08	1.77	26.12	6	1.42	1	2.84	26.67	26.12	26.74	399.90	391.45	14.710	15.989	42.59	46.29	499.6	537	0	101.7	3.63	0.0601	0.32	0.00215	0.309	0.00174	0.3	-0.22	2.74	1.00	0.00	0.16	111115
82	"09:25:28"	3428.0	0	6.75	0.0622	206	1.09	1.77	26.13	6	1.42	1	2.84	26.67	26.13	26.74	399.90	391.28	14.714	16.000	42.61	46.33	499.6	499	0	101.7	3.63	0.0601	0.32	0.00215	0.309	0.00174	0.7	-0.22	2.74	1.00	0.00	0.16	111115
83	"09:25:32"	3432.0	0	6.86	0.0621	203	1.09	1.77	26.12	6	1.42	1	2.84	26.67	26.12	26.74	399.98	391.23	14.713	15.998	42.60	46.32	499.6	498	0	101.7	3.63	0.0601	0.32	0.00215	0.309	0.00174	0.7	-0.22	2.74	1.00	0.00	0.16	111115
84	"09:25:36"	3435.5	0	6.96	0.0622	200	1.09	1.77	26.12	6	1.42	1	2.84	26.67	26.12	26.74	400.27	391.40	14.715	16.000	42.61	46.33	499.6	500	0	101.7	3.63	0.0601	0.32	0.00215	0.309	0.00174	1.0	-0.22	2.74	1.00	0.00	0.16	111115
85	"09:25:39"	3439.0	0	6.94	0.0615	199	1.08	1.77	26.11	6	1.42	1	2.84	26.67	26.11	26.74	400.44	391.60	14.717	15.988	42.62	46.30	499.6	501	0	101.7	3.63	0.0601	0.32	0.00215	0.309	0.00174	1.0	-0.22	2.74	1.00	0.00	0.16	111115
"09:26:19 Flow: Fixed -> 500 umol/s"
"09:26:29 d 2 a"
86	"09:27:03"	3522.5	0	3.33	0.0171	77.9	0.322	1.88	26.18	6	1.42	1	2.84	26.61	26.18	26.71	401.29	397.14	14.709	15.090	42.75	43.85	499.6	500	0	101.7	3.37	0.0517	0.322	0.00948	0.266	0.0116	0.7	-0.22	2.74	1.00	0.00	0.16	111115
87	"09:27:11"	3531.0	0	2.59	0.0178	155	0.334	1.87	26.17	6	1.42	1	2.84	26.59	26.17	26.70	401.25	397.98	14.705	15.100	42.78	43.93	499.6	500	0	101.7	3.37	0.0517	0.322	0.00948	0.266	0.0116	0.7	-0.22	2.74	1.00	0.00	0.16	111115
88	"09:27:16"	3535.5	0	1.97	0.0181	214	0.34	1.87	26.15	6	1.42	1	2.84	26.58	26.15	26.70	400.29	397.77	14.702	15.104	42.80	43.97	499.6	500	0	101.7	3.37	0.0517	0.322	0.00948	0.266	0.0116	0.7	-0.22	2.74	1.00	0.00	0.16	111115
89	"09:27:20"	3539.5	0	1.65	0.0182	242	0.341	1.86	26.13	6	1.42	1	2.84	26.57	26.13	26.69	399.13	396.99	14.701	15.104	42.83	44.00	499.6	500	0	101.7	3.37	0.0517	0.322	0.00948	0.266	0.0116	0.7	-0.22	2.74	1.00	0.00	0.16	111115
90	"09:27:24"	3544.0	0	2.18	0.0181	193	0.338	1.86	26.12	6	1.42	1	2.84	26.55	26.12	26.68	398.99	396.21	14.698	15.098	42.85	44.02	499.6	501	0	101.7	3.37	0.0517	0.322	0.00948	0.266	0.0116	0.7	-0.22	2.74	1.00	0.00	0.16	111115
"09:27:46 d 2 b"
91	"09:28:14"	3593.5	0	2.44	0.0184	173	0.339	1.84	25.99	6	1.42	1	2.84	26.47	25.99	26.59	398.44	395.35	14.698	15.099	43.07	44.25	499.6	500	0	101.7	3.37	0.0517	0.322	0.00948	0.266	0.0116	0.7	-0.22	2.74	1.00	0.00	0.16	111115
92	"09:28:18"	3598.5	0	3.23	0.0186	109	0.342	1.84	25.99	6	1.42	1	2.84	26.46	25.99	26.59	399.56	395.52	14.704	15.109	43.10	44.29	499.6	500	0	101.7	3.37	0.0517	0.322	0.00948	0.266	0.0116	0.7	-0.22	2.74	1.00	0.00	0.16	111115
93	"09:28:24"	3603.5	0	2.87	0.0185	139	0.341	1.84	25.99	6	1.42	1	2.84	26.46	25.99	26.58	399.45	395.84	14.701	15.104	43.11	44.29	499.6	500	0	101.7	3.37	0.0517	0.322	0.00948	0.266	0.0116	0.7	-0.22	2.74	1.00	0.00	0.16	111115
94	"09:28:29"	3609.0	0	2.88	0.0184	137	0.339	1.84	25.98	6	1.42	1	2.84	26.45	25.98	26.58	399.56	395.94	14.704	15.104	43.13	44.30	499.6	500	0	101.7	3.37	0.0517	0.322	0.00948	0.266	0.0116	0.7	-0.22	2.74	1.00	0.00	0.16	111115
"09:29:10 d 2 c"
95	"09:29:34"	3673.5	0	1.22	0.00953	185	0.171	1.79	25.68	6	1.42	1	2.84	26.38	25.68	26.50	399.21	397.67	14.761	14.964	43.47	44.07	499.6	500	0	101.7	3.37	0.0517	0.322	0.00948	0.266	0.0116	0.7	-0.22	2.74	1.00	0.00	0.16	111115
96	"09:29:38"	3677.5	0	1.2	0.00895	174	0.161	1.79	25.67	6	1.42	1	2.84	26.38	25.67	26.50	399.08	397.56	14.766	14.956	43.49	44.05	499.6	500	0	101.7	3.37	0.0517	0.322	0.00948	0.266	0.0116	0.7	-0.22	2.74	1.00	0.00	0.16	111115
97	"09:29:42"	3681.5	0	1.15	0.00913	187	0.164	1.79	25.68	6	1.42	1	2.84	26.38	25.68	26.50	398.88	397.42	14.771	14.965	43.52	44.09	499.6	500	0	101.7	3.37	0.0517	0.322	0.00948	0.266	0.0116	0.7	-0.22	2.74	1.00	0.00	0.16	111115
98	"09:29:46"	3685.5	0	1.68	0.00882	85.1	0.159	1.79	25.68	6	1.42	1	2.84	26.37	25.68	26.50	399.33	397.24	14.779	14.967	43.55	44.10	499.6	500	0	101.7	3.37	0.0517	0.322	0.00948	0.266	0.0116	0.7	-0.22	2.74	1.00	0.00	0.16	111115
"09:30:22 Flow: Fixed -> 500 umol/s"
"09:30:37 d 6 a"
99	"09:31:23"	3782.5	0	5.03	0.035	153	0.598	1.72	25.65	6	1.42	1	2.84	26.18	25.65	26.29	399.57	393.25	14.922	15.629	44.47	46.58	499.6	500	0	101.7	3.53	0.0518	0.248	0.0158	0.17	0.0145	1.0	-0.22	2.74	1.00	0.00	0.16	111115
100	"09:31:28"	3787.5	0	4.89	0.0355	163	0.607	1.72	25.66	6	1.42	1	2.84	26.18	25.66	26.28	399.48	393.32	14.928	15.646	44.50	46.64	499.6	500	0	101.7	3.53	0.0518	0.248	0.0158	0.17	0.0145	0.7	-0.22	2.74	1.00	0.00	0.16	111115
101	"09:31:32"	3791.5	0	4.82	0.0355	166	0.607	1.72	25.67	6	1.42	1	2.84	26.18	25.67	26.28	399.49	393.41	14.930	15.649	44.50	46.64	499.6	500	0	101.7	3.53	0.0518	0.248	0.0158	0.17	0.0145	0.7	-0.22	2.74	1.00	0.00	0.16	111115
102	"09:31:36"	3795.0	0	4.66	0.0359	175	0.614	1.72	25.68	6	1.42	1	2.84	26.18	25.68	26.28	399.30	393.42	14.935	15.660	44.51	46.67	499.7	500	0	101.7	3.53	0.0518	0.248	0.0158	0.17	0.0145	0.7	-0.22	2.74	1.00	0.00	0.16	111115
"09:31:48 d 6 b"
103	"09:32:29"	3848.0	0	6.43	0.0503	177	0.834	1.67	25.64	6	1.42	1	2.84	26.21	25.64	26.30	400.31	392.19	15.036	16.022	44.74	47.68	499.6	500	0	101.7	3.53	0.0518	0.248	0.0158	0.17	0.0145	0.7	-0.22	2.74	1.00	0.00	0.16	111115
104	"09:32:34"	3853.5	0	6.38	0.0529	188	0.876	1.67	25.66	6	1.42	1	2.84	26.21	25.66	26.31	400.22	392.14	15.045	16.080	44.75	47.83	499.6	500	0	101.7	3.53	0.0518	0.248	0.0158	0.17	0.0145	0.3	-0.22	2.74	1.00	0.00	0.16	111115
105	"09:32:39"	3858.5	0	6.17	0.0529	195	0.877	1.67	25.67	6	1.42	1	2.84	26.22	25.67	26.31	399.96	392.13	15.058	16.094	44.78	47.86	499.6	500	0	101.7	3.53	0.0518	0.248	0.0158	0.17	0.0145	1.0	-0.22	2.74	1.00	0.00	0.16	111115
106	"09:32:44"	3863.5	0	6.41	0.0535	189	0.887	1.67	25.69	6	1.42	1	2.84	26.23	25.69	26.31	399.89	391.77	15.068	16.116	44.79	47.91	499.6	500	0	101.7	3.53	0.0518	0.248	0.0158	0.17	0.0145	0.7	-0.22	2.74	1.00	0.00	0.16	111115
"09:32:55 d 6 c"
107	"09:33:41"	3920.5	0	5.34	0.0351	140	0.604	1.73	25.85	6	1.42	1	2.84	26.26	25.85	26.35	400.50	393.80	15.183	15.897	45.03	47.15	499.6	501	0	101.7	3.53	0.0518	0.248	0.0158	0.17	0.0145	1.0	-0.22	2.74	1.00	0.00	0.16	111115
108	"09:33:46"	3925.5	0	5.21	0.035	146	0.604	1.73	25.87	6	1.42	1	2.84	26.27	25.87	26.36	400.35	393.81	15.195	15.909	45.05	47.17	499.6	501	0	101.7	3.53	0.0518	0.248	0.0158	0.17	0.0145	1.0	-0.22	2.74	1.00	0.00	0.16	111115
109	"09:33:51"	3930.5	0	4.8	0.035	164	0.604	1.73	25.88	6	1.42	1	2.84	26.27	25.88	26.37	399.46	393.41	15.205	15.919	45.07	47.19	499.6	501	0	101.7	3.53	0.0518	0.248	0.0158	0.17	0.0145	1.0	-0.22	2.74	1.00	0.00	0.16	111115
110	"09:33:55"	3935.0	0	4.98	0.0352	156	0.607	1.73	25.89	6	1.42	1	2.84	26.28	25.89	26.37	399.32	393.05	15.215	15.932	45.08	47.21	499.6	501	0	101.7	3.53	0.0518	0.248	0.0158	0.17	0.0145	0.7	-0.22	2.74	1.00	0.00	0.16	111115
"09:35:22 Flow: Fixed -> 500 umol/s"
"09:35:44 Flow: Fixed -> 500 umol/s"
"09:35:52 e 7 a"
111	"09:36:47"	4106.5	0	4.26	0.0461	235	0.773	1.69	26.12	6	1.42	1	2.84	26.56	26.12	26.63	399.49	394.00	15.910	16.822	46.37	49.03	499.6	501	0	101.6	3.7	0.0607	0.0359	0.00203	0.0629	0.0028	0.7	-0.22	2.74	1.00	0.00	0.16	111115
112	"09:36:55"	4114.5	0	4.64	0.0465	223	0.78	1.69	26.13	6	1.42	1	2.84	26.58	26.13	26.65	399.24	393.30	15.918	16.839	46.34	49.02	499.6	501	0	101.6	3.7	0.0607	0.0359	0.00203	0.0629	0.0028	0.7	-0.22	2.74	1.00	0.00	0.16	111115
113	"09:37:01"	4120.5	0	5.19	0.0462	203	0.776	1.69	26.16	6	1.42	1	2.84	26.60	26.16	26.67	399.59	392.99	15.929	16.845	46.32	48.99	499.6	501	0	101.6	3.7	0.0607	0.0359	0.00203	0.0629	0.0028	0.7	-0.22	2.74	1.00	0.00	0.16	111115
114	"09:37:06"	4125.5	0	5.24	0.0468	203	0.788	1.69	26.17	6	1.42	1	2.84	26.61	26.17	26.69	399.65	392.99	15.937	16.867	46.30	49.01	499.6	500	0	101.6	3.7	0.0607	0.0359	0.00203	0.0629	0.0028	0.7	-0.22	2.74	1.00	0.00	0.16	111115
"09:37:29 e 7 b"
115	"09:37:41"	4160.5	0	5.12	0.0538	230	0.919	1.72	26.41	6	1.42	1	2.84	26.75	26.41	26.83	399.90	393.32	15.983	17.067	46.07	49.20	499.6	499	0	101.6	3.7	0.0607	0.0359	0.00203	0.0629	0.0028	0.3	-0.22	2.74	1.00	0.00	0.16	111115
116	"09:37:46"	4165.5	0	5.35	0.0555	228	0.944	1.72	26.40	6	1.42	1	2.84	26.77	26.40	26.85	400.02	393.15	15.984	17.099	46.02	49.23	499.6	499	0	101.6	3.7	0.0607	0.0359	0.00203	0.0629	0.0028	0.7	-0.22	2.74	1.00	0.00	0.16	111115
117	"09:37:52"	4171.5	0	5.42	0.0565	228	0.958	1.71	26.40	6	1.42	1	2.84	26.79	26.40	26.87	400.07	393.10	15.995	17.126	45.99	49.24	499.6	499	0	101.6	3.7	0.0607	0.0359	0.00203	0.0629	0.0028	1.0	-0.22	2.74	1.00	0.00	0.16	111115
118	"09:37:56"	4175.5	0	5.51	0.0566	226	0.96	1.71	26.40	6	1.42	1	2.84	26.80	26.40	26.89	400.17	393.10	16.001	17.134	45.98	49.24	499.6	499	0	101.6	3.7	0.0607	0.0359	0.00203	0.0629	0.0028	1.0	-0.22	2.74	1.00	0.00	0.16	111115
"09:38:24 e 7 c"
119	"09:38:35"	4214.5	0	5.77	0.046	183	0.777	1.7	26.25	6	1.42	1	2.84	26.82	26.25	26.94	401.25	393.94	16.042	16.960	46.03	48.66	499.6	501	0	101.6	3.7	0.0607	0.0359	0.00203	0.0629	0.0028	0.3	-0.22	2.74	1.00	0.00	0.16	111115
120	"09:38:39"	4219.0	0	5.67	0.0506	204	0.848	1.69	26.24	6	1.42	1	2.84	26.83	26.24	26.94	400.88	393.67	16.051	17.052	46.05	48.92	499.6	501	0	101.6	3.7	0.0607	0.0359	0.00203	0.0629	0.0028	0.7	-0.22	2.74	1.00	0.00	0.16	111115
121	"09:38:43"	4223.0	0	5.01	0.0526	230	0.879	1.69	26.24	6	1.42	1	2.84	26.83	26.24	26.94	399.71	393.28	16.051	17.088	46.04	49.02	499.6	501	0	101.6	3.7	0.0607	0.0359	0.00203	0.0629	0.0028	0.3	-0.22	2.74	1.00	0.00	0.16	111115
122	"09:38:47"	4227.5	0	5.3	0.0544	226	0.906	1.68	26.24	6	1.42	1	2.84	26.83	26.24	26.94	399.43	392.63	16.057	17.126	46.06	49.13	499.6	501	0	101.6	3.7	0.0607	0.0359	0.00203	0.0629	0.0028	0.7	-0.22	2.74	1.00	0.00	0.16	111115
"09:39:13 Lamp: ParIn ->  1000 uml"
"09:42:53 e 9 a"
123	"09:42:57"	4477.5	0	4.41	0.0386	200	0.759	1.97	27.57	6	1.42	1	2.84	27.23	27.57	27.30	400.41	394.75	16.108	17.004	45.13	47.64	499.6	999	0	101.6	3.7	0.0607	0.0359	0.00203	0.0629	0.0028	1.0	-0.22	2.74	1.00	0.00	0.16	111115
124	"09:43:01"	4481.5	0	4.28	0.0381	203	0.751	1.98	27.59	6	1.42	1	2.84	27.24	27.59	27.31	400.37	394.87	16.111	16.998	45.10	47.59	499.6	999	0	101.6	3.7	0.0607	0.0359	0.00203	0.0629	0.0028	1.0	-0.22	2.74	1.00	0.00	0.16	111115
125	"09:43:05"	4485.0	0	4.48	0.0382	195	0.754	1.98	27.61	6	1.42	1	2.84	27.26	27.61	27.32	400.47	394.73	16.112	17.003	45.06	47.56	499.6	999	0	101.6	3.7	0.0607	0.0359	0.00203	0.0629	0.0028	1.0	-0.22	2.74	1.00	0.00	0.16	111115
126	"09:43:09"	4488.5	0	4.27	0.0383	205	0.758	1.99	27.63	6	1.42	1	2.84	27.27	27.63	27.33	400.33	394.84	16.109	17.004	45.02	47.53	499.6	999	0	101.6	3.7	0.0607	0.0359	0.00203	0.0629	0.0028	1.0	-0.22	2.74	1.00	0.00	0.16	111115
"09:43:27 e 9 b"
127	"09:43:57"	4536.5	0	5.15	0.0577	238	1.13	1.98	27.76	6	1.42	1	2.84	27.46	27.76	27.51	400.10	393.39	16.046	17.379	44.35	48.03	499.6	999	0	101.6	3.7	0.0607	0.0359	0.00203	0.0629	0.0028	0.7	-0.22	2.74	1.00	0.00	0.16	111115
128	"09:44:01"	4540.5	0	5.32	0.058	234	1.14	1.98	27.78	6	1.42	1	2.84	27.48	27.78	27.52	400.18	393.26	16.038	17.381	44.29	48.00	499.6	999	0	101.6	3.7	0.0607	0.0359	0.00203	0.0629	0.0028	1.0	-0.22	2.74	1.00	0.00	0.16	111115
129	"09:44:06"	4545.5	0	5.29	0.0587	237	1.15	1.98	27.80	6	1.42	1	2.84	27.50	27.80	27.54	400.24	393.34	16.021	17.383	44.19	47.95	499.6	999	0	101.6	3.7	0.0607	0.0359	0.00203	0.0629	0.0028	1.0	-0.22	2.74	1.00	0.00	0.16	111115
130	"09:44:11"	4550.5	0	5.04	0.0581	242	1.15	1.99	27.83	6	1.42	1	2.84	27.52	27.83	27.56	399.92	393.32	16.020	17.373	44.13	47.86	499.6	999	0	101.6	3.7	0.0607	0.0359	0.00203	0.0629	0.0028	1.0	-0.22	2.74	1.00	0.00	0.16	111115
"09:45:07 e 9 c"
131	"09:45:17"	4617.0	0	3.96	0.0346	199	0.724	2.09	28.05	6	1.42	1	2.84	27.54	28.05	27.60	399.06	393.96	15.994	16.849	44.00	46.35	499.6	1053	0	101.6	3.7	0.0607	0.0359	0.00203	0.0629	0.0028	0.3	-0.22	2.74	1.00	0.00	0.16	111115
132	"09:45:21"	4621.5	0	4.07	0.0355	198	0.744	2.1	28.08	6	1.42	1	2.84	27.56	28.08	27.61	398.96	393.72	15.990	16.869	43.95	46.37	499.7	1005	0	101.6	3.7	0.0607	0.0359	0.00203	0.0629	0.0028	0.3	-0.22	2.74	1.00	0.00	0.16	111115
133	"09:45:25"	4625.5	0	4.11	0.0362	200	0.758	2.1	28.08	6	1.42	1	2.84	27.57	28.08	27.62	398.84	393.54	15.989	16.884	43.92	46.38	499.6	1000	0	101.6	3.7	0.0607	0.0359	0.00203	0.0629	0.0028	0.7	-0.22	2.74	1.00	0.00	0.16	111115
134	"09:45:30"	4630.0	0	4.36	0.0375	195	0.784	2.1	28.09	6	1.42	1	2.84	27.58	28.09	27.64	399.22	393.61	15.977	16.903	43.84	46.38	499.6	1000	0	101.6	3.7	0.0607	0.0359	0.00203	0.0629	0.0028	0.7	-0.22	2.74	1.00	0.00	0.16	111115
"09:46:10 Flow: Fixed -> 500 umol/s"
"09:47:27 e 3 a"
135	"09:48:06"	4785.5	0	7.73	0.0713	204	1.39	1.97	27.82	6	1.42	1	2.84	27.78	27.82	27.83	400.40	390.46	15.893	17.531	43.12	47.56	499.6	999	0	101.6	3.84	0.0448	0.307	0.00899	0.278	0.0119	0.3	-0.22	2.74	1.00	0.00	0.16	111115
136	"09:48:10"	4790.0	0	8.17	0.0735	199	1.43	1.98	27.86	6	1.42	1	2.84	27.78	27.86	27.83	401.25	390.77	15.885	17.575	43.10	47.68	499.7	999	0	101.6	3.84	0.0448	0.307	0.00899	0.278	0.0119	0.3	-0.22	2.74	1.00	0.00	0.16	111115
137	"09:48:15"	4794.0	0	8.43	0.0753	199	1.45	1.96	27.77	6	1.42	1	2.84	27.77	27.77	27.83	402.20	391.39	15.873	17.586	43.08	47.72	499.7	999	0	101.6	3.84	0.0448	0.307	0.00899	0.278	0.0119	0.7	-0.22	2.74	1.00	0.00	0.16	111115
138	"09:48:19"	4798.0	0	7.48	0.076	221	1.47	1.96	27.81	6	1.42	1	2.84	27.77	27.81	27.83	401.58	391.91	15.858	17.594	43.04	47.75	499.6	999	0	101.6	3.84	0.0448	0.307	0.00899	0.278	0.0119	0.7	-0.22	2.74	1.00	0.00	0.16	111115
"09:48:33 e 3 b"
139	"09:49:07"	4846.5	0	7.39	0.0641	193	1.27	2	27.80	6	1.42	1	2.84	27.72	27.80	27.79	399.75	390.28	15.717	17.214	42.78	46.86	499.7	1000	0	101.6	3.84	0.0448	0.307	0.00899	0.278	0.0119	0.7	-0.22	2.74	1.00	0.00	0.16	111115
140	"09:49:11"	4851.0	0	7.18	0.0654	202	1.29	2	27.81	6	1.42	1	2.84	27.73	27.81	27.79	399.68	390.45	15.706	17.233	42.73	46.89	499.8	1000	0	101.6	3.84	0.0448	0.307	0.00899	0.278	0.0119	0.7	-0.22	2.74	1.00	0.00	0.16	111115
141	"09:49:16"	4855.0	0	7.44	0.066	197	1.31	2.01	27.85	6	1.42	1	2.84	27.74	27.85	27.80	399.91	390.37	15.700	17.246	42.70	46.91	499.7	1000	0	101.6	3.84	0.0448	0.307	0.00899	0.278	0.0119	0.7	-0.22	2.74	1.00	0.00	0.16	111115
142	"09:49:21"	4861.0	0	7.52	0.0662	196	1.33	2.03	27.93	6	1.42	1	2.84	27.75	27.93	27.80	400.27	390.61	15.683	17.248	42.62	46.88	499.6	1000	0	101.6	3.84	0.0448	0.307	0.00899	0.278	0.0119	1.0	-0.22	2.74	1.00	0.00	0.16	111115
"09:50:04 e 3 c"
143	"09:51:17"	4976.5	0	7.74	0.0618	176	1.22	2	27.73	6	1.42	1	2.84	27.83	27.73	27.85	399.71	389.84	15.588	17.034	42.17	46.08	499.6	999	0	101.6	3.84	0.0448	0.307	0.00899	0.278	0.0119	0.7	-0.22	2.74	1.00	0.00	0.16	111115
144	"09:51:21"	4980.0	0	7.77	0.0614	174	1.22	2.01	27.75	6	1.42	1	2.84	27.83	27.75	27.85	399.70	389.80	15.611	17.050	42.22	46.12	499.6	999	0	101.6	3.84	0.0448	0.307	0.00899	0.278	0.0119	0.7	-0.22	2.74	1.00	0.00	0.16	111115
145	"09:51:24"	4983.5	0	7.59	0.0622	182	1.23	2	27.75	6	1.42	1	2.84	27.83	27.75	27.85	399.80	390.11	15.623	17.078	42.25	46.19	499.6	999	0	101.6	3.84	0.0448	0.307	0.00899	0.278	0.0119	1.0	-0.22	2.74	1.00	0.00	0.16	111115
146	"09:51:31"	4990.5	0	7.68	0.0604	174	1.2	2.01	27.77	6	1.42	1	2.84	27.84	27.77	27.86	400.23	390.45	15.661	17.079	42.34	46.17	499.7	999	0	101.6	3.84	0.0448	0.307	0.00899	0.278	0.0119	0.7	-0.22	2.74	1.00	0.00	0.16	111115
147	"09:51:33"	4993.0	0	7.55	0.0602	177	1.2	2.01	27.78	6	1.42	1	2.84	27.84	27.78	27.86	400.25	390.61	15.665	17.081	42.34	46.17	499.6	999	0	101.6	3.84	0.0448	0.307	0.00899	0.278	0.0119	0.7	-0.22	2.74	1.00	0.00	0.16	111115
"09:54:56 Flow: Fixed -> 500 umol/s"
"09:55:05 a 7 a"
148	"09:55:41"	5240.5	0	1.73	0.0109	132	0.273	2.49	29.45	6	1.42	1	2.84	28.63	29.45	28.58	399.94	397.73	15.834	16.157	40.87	41.71	499.6	1001	0	101.6	4.51	0.0497	0.254	0.00344	0.198	0.00389	0.7	-0.22	2.74	1.00	0.00	0.16	111115
149	"09:55:46"	5246.0	0	1.71	0.0109	136	0.273	2.48	29.45	6	1.42	1	2.84	28.66	29.45	28.61	400.19	398.01	15.843	16.166	40.84	41.67	499.6	1001	0	101.6	4.51	0.0497	0.254	0.00344	0.198	0.00389	0.7	-0.22	2.74	1.00	0.00	0.16	111115
150	"09:55:51"	5250.5	0	1.58	0.0112	162	0.282	2.49	29.46	6	1.42	1	2.84	28.68	29.46	28.63	400.27	398.24	15.842	16.175	40.79	41.65	499.6	1001	0	101.6	4.51	0.0497	0.254	0.00344	0.198	0.00389	0.7	-0.22	2.74	1.00	0.00	0.16	111115
151	"09:55:56"	5256.0	0	1.33	0.0109	190	0.274	2.49	29.46	6	1.42	1	2.84	28.70	29.46	28.65	400.02	398.29	15.849	16.172	40.75	41.59	499.6	1002	0	101.6	4.51	0.0497	0.254	0.00344	0.198	0.00389	0.7	-0.22	2.74	1.00	0.00	0.16	111115
152	"09:56:39"	5299.5	0	1.45	0.00459	-114	0.112	2.41	29.09	6	1.42	1	2.84	28.77	29.09	28.76	400.04	398.25	15.896	16.028	40.71	41.05	499.6	998	0	101.6	4.51	0.0497	0.254	0.00344	0.198	0.00389	0.3	-0.22	2.74	1.00	0.00	0.16	111115
153	"09:56:43"	5303.5	0	1.25	0.00636	74.5	0.155	2.41	29.10	6	1.42	1	2.84	28.78	29.10	28.77	400.18	398.61	15.900	16.083	40.69	41.16	499.6	1000	0	101.6	4.51	0.0497	0.254	0.00344	0.198	0.00389	0.3	-0.22	2.74	1.00	0.00	0.16	111115
154	"09:56:47"	5307.0	0	1.63	0.00707	21.6	0.172	2.41	29.12	6	1.42	1	2.84	28.79	29.12	28.79	400.64	398.61	15.909	16.113	40.68	41.20	499.6	1001	0	101.6	4.51	0.0497	0.254	0.00344	0.198	0.00389	0.3	-0.22	2.74	1.00	0.00	0.16	111115
155	"09:56:50"	5310.0	0	1.73	0.00747	18.9	0.182	2.42	29.14	6	1.42	1	2.84	28.80	29.14	28.80	401.07	398.90	15.914	16.130	40.68	41.23	499.6	1000	0	101.6	4.51	0.0497	0.254	0.00344	0.198	0.00389	0.7	-0.22	2.74	1.00	0.00	0.16	111115
"09:57:51 a 7 c"
156	"09:59:01"	5441.0	0	1.16	0.00504	20.9	0.128	2.52	29.59	6	1.42	1	2.84	29.03	29.59	29.06	399.67	398.22	16.031	16.183	40.44	40.82	499.6	1000	0	101.6	4.51	0.0497	0.254	0.00344	0.198	0.00389	0.3	-0.22	2.74	1.00	0.00	0.16	111115
157	"09:59:05"	5445.0	0	0.809	0.00527	141	0.134	2.52	29.62	6	1.42	1	2.84	29.04	29.62	29.07	399.58	398.55	16.033	16.192	40.41	40.81	499.6	1000	0	101.6	4.51	0.0497	0.254	0.00344	0.198	0.00389	0.7	-0.22	2.74	1.00	0.00	0.16	111115
158	"09:59:09"	5449.5	0	1.09	0.00547	70.3	0.14	2.53	29.64	6	1.42	1	2.84	29.06	29.64	29.09	399.83	398.46	16.044	16.209	40.40	40.81	499.7	999	0	101.6	4.51	0.0497	0.254	0.00344	0.198	0.00389	0.7	-0.22	2.74	1.00	0.00	0.16	111115
159	"09:59:13"	5453.0	0	1.13	0.00597	86.6	0.153	2.53	29.65	6	1.42	1	2.84	29.07	29.65	29.10	399.98	398.55	16.044	16.225	40.37	40.82	499.6	999	0	101.6	4.51	0.0497	0.254	0.00344	0.198	0.00389	1.0	-0.22	2.74	1.00	0.00	0.16	111115
"10:00:19 Flow: Fixed -> 500 umol/s"
"10:00:27 a 6 a"
160	"10:01:11"	5571.0	0	0.266	0.00212	185	0.0574	2.68	30.29	6	1.42	1	2.84	29.56	30.29	29.55	399.86	399.51	16.224	16.292	39.70	39.86	499.6	1000	0	101.6	4.22	0.0104	0.6	0.059	0.585	0.0635	1.0	-0.22	2.74	1.00	0.00	0.16	111115
161	"10:01:16"	5575.5	0	0.175	0.00284	286	0.0771	2.68	30.33	6	1.42	1	2.84	29.58	30.33	29.57	399.63	399.38	16.225	16.316	39.65	39.87	499.6	1000	0	101.6	4.22	0.0104	0.6	0.059	0.585	0.0635	1.0	-0.22	2.74	1.00	0.00	0.16	111115
162	"10:01:20"	5579.5	0	0.347	0.0028	187	0.076	2.68	30.33	6	1.42	1	2.84	29.60	30.33	29.59	399.54	399.09	16.236	16.325	39.62	39.84	499.6	999	0	101.6	4.22	0.0104	0.6	0.059	0.585	0.0635	0.7	-0.22	2.74	1.00	0.00	0.16	111115
163	"10:01:24"	5583.5	0	0.409	0.00244	119	0.0666	2.69	30.38	6	1.42	1	2.84	29.62	30.38	29.61	399.33	398.80	16.254	16.332	39.61	39.81	499.6	999	0	101.6	4.22	0.0104	0.6	0.059	0.585	0.0635	0.7	-0.22	2.74	1.00	0.00	0.16	111115
"10:01:33 a 6 b"
164	"10:02:12"	5631.5	0	0.623	0.0055	205	0.151	2.7	30.50	6	1.42	1	2.84	29.85	30.50	29.82	400.88	400.06	16.376	16.554	39.41	39.83	499.6	999	0	101.6	4.22	0.0104	0.6	0.059	0.585	0.0635	0.7	-0.22	2.74	1.00	0.00	0.16	111115
165	"10:02:15"	5635.0	0	0.193	0.00577	331	0.158	2.7	30.50	6	1.42	1	2.84	29.86	30.50	29.84	400.51	400.21	16.392	16.579	39.41	39.86	499.6	999	0	101.6	4.22	0.0104	0.6	0.059	0.585	0.0635	0.7	-0.22	2.74	1.00	0.00	0.16	111115
166	"10:02:19"	5638.5	0	-0.0885	0.00607	406	0.166	2.7	30.52	6	1.42	1	2.84	29.88	30.52	29.86	400.03	400.06	16.401	16.596	39.39	39.86	499.6	999	0	101.6	4.22	0.0104	0.6	0.059	0.585	0.0635	0.7	-0.22	2.74	1.00	0.00	0.16	111115
167	"10:02:22"	5642.0	0	0.386	0.00613	284	0.168	2.7	30.53	6	1.42	1	2.84	29.90	30.53	29.87	400.32	399.78	16.415	16.613	39.38	39.86	499.6	999	0	101.6	4.22	0.0104	0.6	0.059	0.585	0.0635	1.0	-0.22	2.74	1.00	0.00	0.16	111115
"10:02:38 a 6 c"
168	"10:03:12"	5691.5	0	0.417	0.00797	300	0.224	2.78	30.91	6	1.42	1	2.84	30.13	30.91	30.11	399.81	399.20	16.585	16.849	39.26	39.89	499.6	1001	0	101.6	4.22	0.0104	0.6	0.059	0.585	0.0635	0.7	-0.22	2.74	1.00	0.00	0.16	111115
169	"10:03:23"	5702.5	0	-0.276	0.00881	431	0.247	2.77	30.92	6	1.42	1	2.84	30.16	30.92	30.15	399.27	399.48	16.621	16.913	39.27	39.96	499.6	1000	0	101.6	4.22	0.0104	0.6	0.059	0.585	0.0635	0.7	-0.22	2.74	1.00	0.00	0.16	111115
170	"10:03:32"	5711.5	0	-0.0074	0.00896	384	0.251	2.77	30.92	6	1.42	1	2.84	30.19	30.92	30.18	399.91	399.80	16.644	16.941	39.27	39.97	499.5	1000	0	101.6	4.22	0.0104	0.6	0.059	0.585	0.0635	0.7	-0.22	2.74	1.00	0.00	0.16	111115
171	"10:03:35"	5715.0	0	0.00591	0.00907	381	0.254	2.77	30.92	6	1.42	1	2.84	30.20	30.92	30.19	399.96	399.83	16.656	16.956	39.28	39.98	499.6	1000	0	101.6	4.22	0.0104	0.6	0.059	0.585	0.0635	0.7	-0.22	2.74	1.00	0.00	0.16	111115
"10:06:10 Flow: Fixed -> 500 umol/s"
"10:06:17 a 10 a"
"10:10:16 Lamp: ParIn ->  1000 uml"
"10:10:16 CO2 Mixer: CO2R -> 400 uml"
"10:10:16 Coolers: Off"
"10:10:16 Flow: Fixed -> 500 umol/s"
"10:11:22 Lamp: ParIn ->  1000 uml"
"10:11:22 CO2 Mixer: CO2R -> 400 uml"
"10:11:22 Coolers: Off"
"10:11:22 Flow: Fixed -> 500 umol/s"
"10:11:45 Flow: Fixed -> 500 umol/s"
"10:12:59 a 10 a"
172	"10:13:02"	6281.0	0	2.17	0.00974	36.5	0.253	2.57	30.37	6	1.42	1	2.84	30.32	30.37	30.35	405.93	403.21	17.253	17.551	40.40	41.09	499.7	999	0	101.6	5.14	-0.00853	0.131	0.00846	0.213	0.00345	0.7	-0.22	2.74	1.00	0.00	0.16	111115
173	"10:13:05"	6284.0	0	1.13	0.00994	209	0.259	2.57	30.39	6	1.42	1	2.84	30.33	30.39	30.36	405.19	403.71	17.256	17.561	40.38	41.09	499.7	999	0	101.6	5.14	-0.00853	0.131	0.00846	0.213	0.00345	0.7	-0.22	2.74	1.00	0.00	0.16	111115
174	"10:13:10"	6289.0	0	-0.00908	0.00997	388	0.26	2.58	30.42	6	1.42	1	2.84	30.35	30.42	30.38	403.15	403.03	17.259	17.566	40.34	41.06	499.7	998	0	101.6	5.14	-0.00853	0.131	0.00846	0.213	0.00345	0.7	-0.22	2.74	1.00	0.00	0.16	111115
175	"10:13:16"	6295.0	0	0.117	0.00935	366	0.245	2.59	30.46	6	1.42	1	2.84	30.37	30.46	30.39	402.02	401.77	17.275	17.564	40.33	41.00	499.7	1000	0	101.6	5.14	-0.00853	0.131	0.00846	0.213	0.00345	0.7	-0.22	2.74	1.00	0.00	0.16	111115
"10:14:16 a 10 b"
176	"10:14:32"	6371.5	0	3.48	0.0157	33.3	0.419	2.63	30.73	6	1.42	1	2.84	30.43	30.73	30.47	402.31	397.93	17.323	17.817	40.31	41.46	499.6	1000	0	101.6	5.14	-0.00853	0.131	0.00846	0.213	0.00345	0.3	-0.22	2.74	1.00	0.00	0.16	111115
177	"10:14:36"	6376.0	0	3.44	0.0167	58.4	0.444	2.63	30.73	6	1.42	1	2.84	30.44	30.73	30.48	403.23	398.88	17.300	17.824	40.24	41.46	499.7	1000	0	101.6	5.14	-0.00853	0.131	0.00846	0.213	0.00345	0.7	-0.22	2.74	1.00	0.00	0.16	111115
178	"10:14:40"	6380.0	0	2.35	0.0171	167	0.456	2.64	30.75	6	1.42	1	2.84	30.44	30.75	30.49	402.94	399.90	17.280	17.818	40.18	41.43	499.6	1000	0	101.6	5.14	-0.00853	0.131	0.00846	0.213	0.00345	0.7	-0.22	2.74	1.00	0.00	0.16	111115
179	"10:14:45"	6385.0	0	0.618	0.0173	326	0.461	2.64	30.75	6	1.42	1	2.84	30.46	30.75	30.50	400.39	399.42	17.260	17.803	40.10	41.36	499.6	1000	0	101.6	5.14	-0.00853	0.131	0.00846	0.213	0.00345	0.7	-0.22	2.74	1.00	0.00	0.16	111115
"10:17:04 Flow: Fixed -> 500 umol/s"
"10:17:12 b 7 a"
180	"10:17:26"	6546.5	0	4.77	0.0246	73.2	0.617	2.49	30.09	6	1.42	1	2.84	30.49	30.09	30.56	400.70	394.68	16.938	17.665	39.28	40.96	499.6	1001	0	101.6	5.05	-0.0141	0.0958	0.0111	0.0973	0.012	0.3	-0.22	2.74	1.00	0.00	0.16	111115
181	"10:17:30"	6550.0	0	4.8	0.031	134	0.78	2.51	30.25	6	1.42	1	2.84	30.50	30.25	30.57	401.35	395.21	16.922	17.842	39.22	41.35	499.6	1000	0	101.6	5.05	-0.0141	0.0958	0.0111	0.0973	0.012	0.3	-0.22	2.74	1.00	0.00	0.16	111115
182	"10:17:33"	6553.5	0	5.11	0.0345	145	0.874	2.53	30.36	6	1.42	1	2.84	30.51	30.36	30.57	402.35	395.79	16.909	17.939	39.17	41.56	499.6	1000	0	101.6	5.05	-0.0141	0.0958	0.0111	0.0973	0.012	0.3	-0.22	2.74	1.00	0.00	0.16	111115
183	"10:17:37"	6557.0	0	5.52	0.0369	144	0.939	2.54	30.43	6	1.42	1	2.84	30.52	30.43	30.58	404.04	396.96	16.896	18.003	39.12	41.69	499.6	1000	0	101.6	5.05	-0.0141	0.0958	0.0111	0.0973	0.012	0.3	-0.22	2.74	1.00	0.00	0.16	111115
"10:17:54 b 7 b"
184	"10:18:19"	6599.0	0	6.18	0.0624	215	1.54	2.49	30.48	6	1.42	1	2.84	30.54	30.48	30.61	397.18	389.03	16.763	18.583	38.77	42.98	499.6	999	0	101.6	5.05	-0.0141	0.0958	0.0111	0.0973	0.012	0.7	-0.22	2.74	1.00	0.00	0.16	111115
185	"10:18:24"	6604.0	0	7.02	0.0641	199	1.59	2.5	30.52	6	1.42	1	2.84	30.54	30.52	30.62	398.33	389.16	16.744	18.619	38.72	43.05	499.7	999	0	101.6	5.05	-0.0141	0.0958	0.0111	0.0973	0.012	0.3	-0.22	2.74	1.00	0.00	0.16	111115
186	"10:18:28"	6608.5	0	6.49	0.0651	215	1.62	2.5	30.55	6	1.42	1	2.84	30.54	30.55	30.62	398.24	389.69	16.736	18.643	38.69	43.10	499.6	999	0	101.6	5.05	-0.0141	0.0958	0.0111	0.0973	0.012	0.7	-0.22	2.74	1.00	0.00	0.16	111115
187	"10:18:33"	6612.5	0	6.37	0.0657	219	1.63	2.51	30.57	6	1.42	1	2.84	30.55	30.57	30.62	398.19	389.77	16.729	18.654	38.66	43.11	499.6	999	0	101.6	5.05	-0.0141	0.0958	0.0111	0.0973	0.012	0.7	-0.22	2.74	1.00	0.00	0.16	111115
188	"10:18:37"	6617.0	0	6.15	0.0654	224	1.63	2.51	30.58	6	1.42	1	2.84	30.56	30.58	30.63	397.92	389.77	16.714	18.635	38.61	43.05	499.6	998	0	101.6	5.05	-0.0141	0.0958	0.0111	0.0973	0.012	0.7	-0.22	2.74	1.00	0.00	0.16	111115
"10:18:51 b 7 c"
189	"10:19:18"	6658.0	0	7.73	0.0766	213	1.8	2.38	30.10	6	1.42	1	2.84	30.50	30.10	30.58	399.90	389.78	16.620	18.743	38.53	43.45	499.7	1000	0	101.6	5.05	-0.0141	0.0958	0.0111	0.0973	0.012	0.3	-0.22	2.74	1.00	0.00	0.16	111115
190	"10:19:22"	6662.0	0	7.84	0.0796	217	1.88	2.39	30.15	6	1.42	1	2.84	30.50	30.15	30.58	400.07	389.77	16.611	18.822	38.51	43.63	499.6	1000	0	101.6	5.05	-0.0141	0.0958	0.0111	0.0973	0.012	0.7	-0.22	2.74	1.00	0.00	0.16	111115
191	"10:19:26"	6665.5	0	7.68	0.0816	224	1.92	2.39	30.19	6	1.42	1	2.84	30.50	30.19	30.58	400.08	389.96	16.596	18.863	38.47	43.73	499.6	1000	0	101.6	5.05	-0.0141	0.0958	0.0111	0.0973	0.012	0.7	-0.22	2.74	1.00	0.00	0.16	111115
192	"10:19:30"	6669.5	0	7.53	0.0817	227	1.93	2.4	30.22	6	1.42	1	2.84	30.50	30.22	30.58	399.95	390.00	16.590	18.866	38.46	43.73	499.6	1000	0	101.6	5.05	-0.0141	0.0958	0.0111	0.0973	0.012	0.7	-0.22	2.74	1.00	0.00	0.16	111115
"10:20:22 Flow: Fixed -> 500 umol/s"
"10:20:32 b 4 a"
193	"10:20:56"	6755.5	0	1.61	0.00768	51.7	0.216	2.79	30.86	6	1.42	1	2.84	30.45	30.86	30.51	399.82	397.79	16.369	16.625	38.06	38.65	499.7	999	0	101.6	5.16	-0.00599	0.563	0.0333	0.648	0.0353	0.3	-0.22	2.74	1.00	0.00	0.16	111115
194	"10:21:00"	6760.0	0	1.55	0.00942	122	0.265	2.78	30.84	6	1.42	1	2.84	30.44	30.84	30.51	400.12	398.13	16.339	16.652	38.00	38.72	499.7	999	0	101.6	5.16	-0.00599	0.563	0.0333	0.648	0.0353	0.7	-0.22	2.74	1.00	0.00	0.16	111115
195	"10:21:05"	6764.5	0	1.37	0.0105	176	0.295	2.78	30.84	6	1.42	1	2.84	30.44	30.84	30.50	400.09	398.31	16.313	16.661	37.95	38.76	499.6	999	0	101.6	5.16	-0.00599	0.563	0.0333	0.648	0.0353	0.7	-0.22	2.74	1.00	0.00	0.16	111115
196	"10:21:09"	6768.5	0	1.25	0.0109	201	0.307	2.78	30.85	6	1.42	1	2.84	30.44	30.85	30.50	400.12	398.47	16.292	16.654	37.90	38.74	499.6	999	0	101.6	5.16	-0.00599	0.563	0.0333	0.648	0.0353	0.7	-0.22	2.74	1.00	0.00	0.16	111115
"10:21:26 b 4 b"
197	"10:21:48"	6807.5	0	1.06	0.00765	164	0.212	2.75	30.59	6	1.42	1	2.84	30.34	30.59	30.39	400.14	398.77	16.094	16.345	37.65	38.24	499.6	999	0	101.6	5.16	-0.00599	0.563	0.0333	0.648	0.0353	0.3	-0.22	2.74	1.00	0.00	0.16	111115
198	"10:21:52"	6812.0	0	1.03	0.0104	225	0.286	2.74	30.57	6	1.42	1	2.84	30.33	30.57	30.37	399.96	398.58	16.060	16.399	37.60	38.39	499.6	999	0	101.6	5.16	-0.00599	0.563	0.0333	0.648	0.0353	0.3	-0.22	2.74	1.00	0.00	0.16	111115
199	"10:21:56"	6815.5	0	1.2	0.0112	213	0.309	2.74	30.57	6	1.42	1	2.84	30.31	30.57	30.36	400.02	398.44	16.037	16.401	37.56	38.42	499.6	999	0	101.6	5.16	-0.00599	0.563	0.0333	0.648	0.0353	0.7	-0.22	2.74	1.00	0.00	0.16	111115
200	"10:22:00"	6820.0	0	1.35	0.0121	206	0.333	2.74	30.57	6	1.42	1	2.84	30.30	30.57	30.34	400.25	398.47	16.002	16.395	37.51	38.43	499.6	999	0	101.6	5.16	-0.00599	0.563	0.0333	0.648	0.0353	0.7	-0.22	2.74	1.00	0.00	0.16	111115
"10:22:22 b 4 c"
201	"10:22:38"	6857.5	0	3.11	0.0145	41.7	0.39	2.66	30.21	6	1.42	1	2.84	30.19	30.21	30.24	400.05	396.13	15.756	16.217	37.17	38.25	499.6	1001	0	101.6	5.16	-0.00599	0.563	0.0333	0.648	0.0353	0.3	-0.22	2.74	1.00	0.00	0.16	111115
202	"10:22:42"	6861.5	0	3.19	0.0177	95.2	0.474	2.67	30.25	6	1.42	1	2.84	30.19	30.25	30.23	400.17	396.12	15.735	16.296	37.13	38.45	499.6	1001	0	101.6	5.16	-0.00599	0.563	0.0333	0.648	0.0353	0.3	-0.22	2.74	1.00	0.00	0.16	111115
203	"10:22:46"	6865.5	0	2.95	0.0201	149	0.54	2.66	30.26	6	1.42	1	2.84	30.18	30.26	30.23	400.03	396.23	15.717	16.355	37.09	38.60	499.6	1001	0	101.6	5.16	-0.00599	0.563	0.0333	0.648	0.0353	0.7	-0.22	2.74	1.00	0.00	0.16	111115
204	"10:22:50"	6870.0	0	3.03	0.0216	158	0.577	2.66	30.26	6	1.42	1	2.84	30.18	30.26	30.22	400.01	396.09	15.694	16.376	37.05	38.66	499.6	1001	0	101.6	5.16	-0.00599	0.563	0.0333	0.648	0.0353	1.0	-0.22	2.74	1.00	0.00	0.16	111115
"10:23:57 Flow: Fixed -> 500 umol/s"
"10:24:19 b 3 a"
205	"10:24:39"	6978.0	0	2.87	0.0131	35.8	0.367	2.78	30.48	6	1.42	1	2.84	30.06	30.48	30.11	401.94	398.32	15.265	15.699	36.28	37.31	499.6	999	0	101.6	5.12	0.00914	0.0884	0.0321	0.102	0.0356	0.3	-0.22	2.74	1.00	0.00	0.16	111115
206	"10:24:43"	6982.0	0	2.61	0.0141	91.7	0.397	2.78	30.49	6	1.42	1	2.84	30.06	30.49	30.12	402.39	399.07	15.250	15.720	36.24	37.36	499.6	999	0	101.6	5.12	0.00914	0.0884	0.0321	0.102	0.0356	0.7	-0.22	2.74	1.00	0.00	0.16	111115
207	"10:24:47"	6986.5	0	2.53	0.0149	114	0.417	2.78	30.48	6	1.42	1	2.84	30.07	30.48	30.12	403.06	399.82	15.235	15.727	36.19	37.37	499.6	999	0	101.6	5.12	0.00914	0.0884	0.0321	0.102	0.0356	0.7	-0.22	2.74	1.00	0.00	0.16	111115
208	"10:24:51"	6991.0	0	2.11	0.0157	172	0.441	2.78	30.49	6	1.42	1	2.84	30.07	30.49	30.13	403.39	400.64	15.214	15.734	36.14	37.37	499.6	999	0	101.6	5.12	0.00914	0.0884	0.0321	0.102	0.0356	0.7	-0.22	2.74	1.00	0.00	0.16	111115
"10:25:07 b 3 b"
209	"10:25:49"	7049.0	0	2.57	0.0209	184	0.589	2.81	30.55	6	1.42	1	2.84	30.08	30.55	30.14	399.52	396.15	14.977	15.674	35.56	37.22	499.7	1000	0	101.6	5.12	0.00914	0.0884	0.0321	0.102	0.0356	0.7	-0.22	2.74	1.00	0.00	0.16	111115
210	"10:25:55"	7055.0	0	2.7	0.021	176	0.593	2.8	30.54	6	1.42	1	2.84	30.08	30.54	30.15	399.45	395.92	14.952	15.653	35.50	37.17	499.6	1000	0	101.6	5.12	0.00914	0.0884	0.0321	0.102	0.0356	0.7	-0.22	2.74	1.00	0.00	0.16	111115
211	"10:26:01"	7060.5	0	2.77	0.0209	170	0.592	2.81	30.54	6	1.42	1	2.84	30.08	30.54	30.15	399.29	395.68	14.930	15.629	35.44	37.10	499.6	1000	0	101.6	5.12	0.00914	0.0884	0.0321	0.102	0.0356	0.7	-0.22	2.74	1.00	0.00	0.16	111115
212	"10:26:06"	7066.0	0	2.62	0.0209	181	0.591	2.81	30.55	6	1.42	1	2.84	30.08	30.55	30.16	399.12	395.69	14.910	15.608	35.39	37.05	500.1	1000	0	101.6	5.12	0.00914	0.0884	0.0321	0.102	0.0356	0.7	-0.22	2.74	1.00	0.00	0.16	111115
"10:26:17 b 3 c"
213	"10:27:01"	7120.0	0	2.71	0.0201	167	0.563	2.78	30.32	6	1.42	1	2.84	30.07	30.32	30.17	399.75	396.23	14.711	15.377	34.95	36.53	499.6	1000	0	101.6	5.12	0.00914	0.0884	0.0321	0.102	0.0356	0.3	-0.22	2.74	1.00	0.00	0.16	111115
214	"10:27:05"	7125.0	0	2.81	0.0206	164	0.576	2.78	30.32	6	1.42	1	2.84	30.08	30.32	30.18	400.09	396.44	14.694	15.375	34.89	36.51	499.6	1000	0	101.6	5.12	0.00914	0.0884	0.0321	0.102	0.0356	0.7	-0.22	2.74	1.00	0.00	0.16	111115
215	"10:27:10"	7130.0	0	2.67	0.0212	181	0.595	2.78	30.35	6	1.42	1	2.84	30.09	30.35	30.19	400.42	396.93	14.674	15.377	34.82	36.49	499.6	1000	0	101.6	5.12	0.00914	0.0884	0.0321	0.102	0.0356	0.7	-0.22	2.74	1.00	0.00	0.16	111115
216	"10:27:15"	7134.5	0	2.39	0.0217	206	0.61	2.79	30.37	6	1.42	1	2.84	30.10	30.37	30.20	400.38	397.22	14.656	15.377	34.76	36.47	499.6	999	0	101.6	5.12	0.00914	0.0884	0.0321	0.102	0.0356	0.7	-0.22	2.74	1.00	0.00	0.16	111115
"OPEN 6.3.4"
"Fri Aug 25 2017 10:32:44"
<open><version>"6.3.4"</version></open>
<open><configfile>"/User/Configs/UserPrefs/2x3 LED.xml"</configfile></open>
<open><light><source>"6400-02 or -02B LED Source"</source><par_in>1<sensor>"SI-4361"<cal>-0.89<actinity>1.00</actinity><transm>1.00</transm></cal></sensor><transm>1</transm></par_in><par_out>1<sensor>"Q53444"<cal>6.53</cal></sensor></par_out></light></open>
<open><comps><file>"/User/Configs/Comps/StdComps_6.3"<header>""</header><extras></extras></file><energybal>no<f_parIn>1</f_parIn><f_parOut>0</f_parOut><alphaK>0.16</alphaK></energybal><bc_total>2.840<stomatal_ratio>1</stomatal_ratio><bc_oneside>1.420<type>2</type><table>"/Sys/Lib/StdBLCTable"</table><area>6</area><slope>-0.219565</slope><offset>2.73739</offset><fan>5</fan></bc_oneside></bc_total></comps></open>
<open><prompts><onlog>off</onlog><items>"Default (none)"</items></prompts></open>
<open><constants><oxygen>21 %</oxygen><bb_vapor>1.5</bb_vapor><bb_oxy>0.9</bb_oxy></constants></open>
<open><stability><items>"Std Stability"<items[1]><id>-2</id><size>15</size><pcv><onoff>0</onoff><value>1</value></pcv><std><onoff>0</onoff><value>1</value></std><slp><onoff>1</onoff><value>1</value></slp></items[1]><items[2]><id>-5</id><size>15</size><pcv><onoff>0</onoff><value>1</value></pcv><std><onoff>0</onoff><value>1</value></std><slp><onoff>1</onoff><value>1</value></slp></items[2]><items[3]><id>-7</id><size>15</size><pcv><onoff>0</onoff><value>1</value></pcv><std><onoff>0</onoff><value>1</value></std><slp><onoff>1</onoff><value>1</value></slp></items[3]></items></stability></open>
<open><log><format>"StdLogFmt_6.3"<items>{ -35 -21 -36 -76 30 23 36 21 25 221 -33 111 -34 11 -9 -10 -8 -1 -2 -4 -5 -14 -15 -7 -12 -13 -11 -65 -66 -117 -119 -116 -118 -72 -18 -19 -77 -78 -79 -23  }<hdr>{  }</hdr></items></format><options><beep>on</beep><match>"never"<time>30</time><co2>100</co2><delta>10</delta></match><hdr>normal</hdr><rem>normal</rem><stab>no</stab><stats>no<mean>no</mean><file>no</file><period>15</period></stats><excel>yes</excel><controls>yes</controls><comm>no</comm></options><datafile>"/User/tea 8-25-17 eric"</datafile><button><action>"Normal Log"<code>" LogOneObsManual "</code></action></button><autoprog>"/User/Configs/AutoProgs/AutoLog2"<active>no</active></autoprog></log></open>
<open><a2d><avgtime>4.0 secs</avgtime><userchans><ch20>"Off"</ch20><ch21>"Off"</ch21><ch22>"Off"</ch22><ch23>"Off"</ch23></userchans></a2d></open>
<open><matching><type>0</type><disp>'a'</disp><settings>><CO2Limit>10.0</CO2Limit><H2OLimit>1.0</H2OLimit><MaxAutoTime>60</MaxAutoTime><AverageTime>10</AverageTime></settings></matching></open>
<li6400><factory><unit>"PSC-4474"</unit><serviced>"7 May 2015"</serviced><fuseaware>0</fuseaware><co2mixer>yes</co2mixer><co2><coeffs>{ 0 0.217429 2.10152e-05 2.43627e-08 -4.73899e-12 4.61747e-16  }</coeffs><dvdt>-3</dvdt><xs>{ 0.000835 -0.000313  }</xs></co2><h2o><coeffs>{ 0 0.00572906 2.32242e-06 -7.20547e-12  }</coeffs><dvdt>-0.6</dvdt><xs>{ -0.00127 -0.0017  }</xs></h2o><flow>{ 0 0.3598  }</flow><press>{ 87.009 0.00546  }</press></factory></li6400>
<li6400><user><flow_zero>1098.5</flow_zero><irga_zero><co2>201.1 201.1<at>23.9524</at></co2><h2o>162.1 162.1<at>22.6007</at></h2o></irga_zero><irga_span><co2>{ 0.991443 0.995866  }</co2><h2o>{ 1.00388 1.01013  }</h2o></irga_span><irga_match><co2>{ 0.504685 5.12079  }</co2><h2o>{ -0.014449 0.00913778  }</h2o></irga_match><co2_mixer><pump_mv>4500</pump_mv><ppm>{ 2270.27 1132.36 495.078 326.145 184.754 135.206 112.169 105.295  }</ppm><mv>{ 5000 3000 1500 1000 500 300 200 100  }</mv></co2_mixer><parin_offset>0</parin_offset><led_cal><unit>"SI-4361"</unit><mv>{ 10 25 50 100 1000 2000 3000 4000 5000  }</mv><qntm>{ 4.86434 16.5082 38.3415 81.5689 913.01 1786.76 2607.95 3387.69 4117.73  }</qntm></led_cal><lcf_cal><unit>"unknown"</unit><red><mv>{ 50 100 500 1000 1500 5000  }</mv><qntm>{ 50 100 500 1000 2000 5000  }</qntm></red><blue><mv>{ 100 200 500 1000 2000 5000  }</mv><qntm>{ 10 20 50 100 200 500  }</qntm></blue></lcf_cal></user></li6400>
$STARTOFDATA$
"Obs"	"HHMMSS"	"FTime"	"EBal?"	"Photo"	"Cond"	"Ci"	"Trmmol"	"VpdL"	"CTleaf"	"Area"	"BLC_1"	"StmRat"	"BLCond"	"Tair"	"Tleaf"	"TBlk"	"CO2R"	"CO2S"	"H2OR"	"H2OS"	"RH_R"	"RH_S"	"Flow"	"PARi"	"PARo"	"Press"	"CsMch"	"HsMch"	"CsMchSD"	"HsMchSD"	"CrMchSD"	"HrMchSD"	"StableF"	"BLCslope"	"BLCoffst"	"f_parin"	"f_parout"	"alphaK"	"Status"
"10:32:58 Lamp: ParIn ->  1000 uml"
"10:33:09 CO2 Mixer: CO2R -> 400 uml"
"10:35:24 Flow: Fixed -> 500 umol/s"
"10:35:33 i 8 a"
1	"10:35:50"	196.5	0	2.94	0.00829	-177	0.26	3.1	31.36	6	1.42	1	2.84	30.86	31.36	30.89	400.20	396.55	14.500	14.808	32.92	33.62	499.6	1001	0	101.6	5.04	0.0272	0.177	0.0027	0.124	0.00201	0.3	-0.22	2.74	1.00	0.00	0.16	111115
2	"10:35:54"	201.0	0	2.68	0.0133	61.5	0.417	3.11	31.45	6	1.42	1	2.84	30.88	31.45	30.90	400.49	397.08	14.493	14.986	32.87	33.99	499.6	1001	0	101.6	5.04	0.0272	0.177	0.0027	0.124	0.00201	0.3	-0.22	2.74	1.00	0.00	0.16	111115
3	"10:35:58"	205.0	0	2.51	0.0157	127	0.492	3.11	31.50	6	1.42	1	2.84	30.89	31.50	30.90	400.75	397.50	14.490	15.071	32.85	34.17	499.6	1001	0	101.6	5.04	0.0272	0.177	0.0027	0.124	0.00201	0.3	-0.22	2.74	1.00	0.00	0.16	111115
4	"10:36:03"	210.5	0	2.42	0.0172	157	0.54	3.12	31.55	6	1.42	1	2.84	30.89	31.55	30.91	400.77	397.61	14.484	15.123	32.82	34.27	499.6	1001	0	101.6	5.04	0.0272	0.177	0.0027	0.124	0.00201	0.3	-0.22	2.74	1.00	0.00	0.16	111115
"10:36:33 i 8 b"
5	"10:37:04"	271.5	0	1.25	0.0118	212	0.377	3.16	31.59	6	1.42	1	2.84	30.99	31.59	31.02	399.21	397.52	14.402	14.848	32.46	33.46	499.6	999	0	101.6	5.04	0.0272	0.177	0.0027	0.124	0.00201	0.7	-0.22	2.74	1.00	0.00	0.16	111115
6	"10:37:09"	276.0	0	1.4	0.0119	193	0.379	3.16	31.61	6	1.42	1	2.84	31.00	31.61	31.03	399.25	397.39	14.395	14.843	32.43	33.44	499.6	999	0	101.6	5.04	0.0272	0.177	0.0027	0.124	0.00201	0.7	-0.22	2.74	1.00	0.00	0.16	111115
7	"10:37:14"	280.5	0	1.8	0.0121	145	0.385	3.16	31.59	6	1.42	1	2.84	31.00	31.59	31.04	399.81	397.47	14.392	14.848	32.41	33.44	499.6	999	0	101.6	5.04	0.0272	0.177	0.0027	0.124	0.00201	0.7	-0.22	2.74	1.00	0.00	0.16	111115
8	"10:37:18"	285.0	0	1.47	0.0122	189	0.388	3.15	31.58	6	1.42	1	2.84	31.01	31.58	31.04	399.64	397.69	14.385	14.845	32.38	33.42	499.6	999	0	101.6	5.04	0.0272	0.177	0.0027	0.124	0.00201	1.0	-0.22	2.74	1.00	0.00	0.16	111115
"10:37:41 i 8 c"
9	"10:38:48"	375.5	0	4.7	0.0323	146	0.931	2.88	30.71	6	1.42	1	2.84	31.03	30.71	31.14	399.35	393.27	14.228	15.329	31.99	34.47	499.6	1000	0	101.6	5.04	0.0272	0.177	0.0027	0.124	0.00201	1.0	-0.22	2.74	1.00	0.00	0.16	111115
10	"10:38:53"	380.0	0	4.34	0.032	161	0.923	2.88	30.71	6	1.42	1	2.84	31.04	30.71	31.15	399.38	393.73	14.225	15.317	31.97	34.42	499.6	1000	0	101.6	5.04	0.0272	0.177	0.0027	0.124	0.00201	0.7	-0.22	2.74	1.00	0.00	0.16	111115
11	"10:38:58"	385.5	0	4.23	0.0323	169	0.934	2.88	30.72	6	1.42	1	2.84	31.05	30.72	31.17	399.29	393.77	14.219	15.324	31.94	34.42	499.7	1000	0	101.6	5.04	0.0272	0.177	0.0027	0.124	0.00201	0.7	-0.22	2.74	1.00	0.00	0.16	111115
12	"10:39:04"	390.5	0	4.33	0.0322	163	0.931	2.88	30.73	6	1.42	1	2.84	31.06	30.73	31.18	399.55	393.90	14.219	15.320	31.92	34.39	499.6	1000	0	101.6	5.04	0.0272	0.177	0.0027	0.124	0.00201	0.7	-0.22	2.74	1.00	0.00	0.16	111115
"10:39:59 Flow: Fixed -> 500 umol/s"
"10:40:32 Flow: Fixed -> 500 umol/s"
"10:40:41 i 5 a"
13	"10:41:08"	515.0	0	3.53	0.0185	75.7	0.581	3.12	31.43	6	1.42	1	2.84	31.08	31.43	31.22	399.59	395.07	14.105	14.792	31.62	33.17	499.6	1003	0	101.6	4.89	-0.00158	0.0782	0.00387	0.0245	0.00214	0.3	-0.22	2.74	1.00	0.00	0.16	111115
14	"10:41:13"	520.0	0	3.57	0.0212	112	0.658	3.08	31.31	6	1.42	1	2.84	31.09	31.31	31.21	400.44	395.83	14.104	14.883	31.61	33.36	499.6	1001	0	101.6	4.89	-0.00158	0.0782	0.00387	0.0245	0.00214	0.3	-0.22	2.74	1.00	0.00	0.16	111115
15	"10:41:17"	523.5	0	3.39	0.0218	133	0.673	3.06	31.26	6	1.42	1	2.84	31.09	31.26	31.21	400.84	396.45	14.103	14.899	31.61	33.39	499.6	1001	0	101.6	4.89	-0.00158	0.0782	0.00387	0.0245	0.00214	0.3	-0.22	2.74	1.00	0.00	0.16	111115
16	"10:41:21"	527.5	0	3.3	0.0221	143	0.681	3.06	31.22	6	1.42	1	2.84	31.09	31.22	31.21	401.31	397.02	14.095	14.901	31.59	33.39	499.6	1001	0	101.6	4.89	-0.00158	0.0782	0.00387	0.0245	0.00214	0.7	-0.22	2.74	1.00	0.00	0.16	111115
"10:41:30 i 5 b"
17	"10:42:43"	610.5	0	1.32	0.00546	0.0308	0.171	3.09	31.11	6	1.42	1	2.84	30.90	31.11	31.05	399.83	398.16	14.071	14.273	31.87	32.33	499.6	1000	0	101.6	4.89	-0.00158	0.0782	0.00387	0.0245	0.00214	0.7	-0.22	2.74	1.00	0.00	0.16	111115
18	"10:42:48"	615.5	0	1.06	0.00588	97.5	0.185	3.1	31.17	6	1.42	1	2.84	30.90	31.17	31.05	399.72	398.36	14.066	14.285	31.86	32.36	499.7	1000	0	101.6	4.89	-0.00158	0.0782	0.00387	0.0245	0.00214	0.7	-0.22	2.74	1.00	0.00	0.16	111115
19	"10:42:54"	620.5	0	1.29	0.00585	34.1	0.184	3.11	31.19	6	1.42	1	2.84	30.90	31.19	31.04	400.15	398.51	14.078	14.296	31.89	32.38	499.6	1000	0	101.6	4.89	-0.00158	0.0782	0.00387	0.0245	0.00214	0.7	-0.22	2.74	1.00	0.00	0.16	111115
20	"10:42:59"	626.0	0	1.41	0.00624	25.7	0.196	3.11	31.21	6	1.42	1	2.84	30.90	31.21	31.04	400.28	398.50	14.080	14.313	31.89	32.42	499.6	1000	0	101.6	4.89	-0.00158	0.0782	0.00387	0.0245	0.00214	1.0	-0.22	2.74	1.00	0.00	0.16	111115
"10:43:06 i 5 c"
21	"10:44:10"	696.5	0	2.74	0.0176	135	0.524	2.95	30.77	6	1.42	1	2.84	30.76	30.77	30.90	401.23	397.68	14.167	14.787	32.34	33.76	499.6	999	0	101.6	4.89	-0.00158	0.0782	0.00387	0.0245	0.00214	0.7	-0.22	2.74	1.00	0.00	0.16	111115
22	"10:44:15"	702.0	0	3.23	0.0174	88	0.517	2.95	30.78	6	1.42	1	2.84	30.76	30.78	30.89	402.32	398.20	14.175	14.786	32.37	33.77	499.6	999	0	101.6	4.89	-0.00158	0.0782	0.00387	0.0245	0.00214	0.7	-0.22	2.74	1.00	0.00	0.16	111115
23	"10:44:20"	707.0	0	3.48	0.0176	70.3	0.524	2.95	30.78	6	1.42	1	2.84	30.76	30.78	30.89	403.55	399.11	14.184	14.805	32.40	33.81	499.6	999	0	101.6	4.89	-0.00158	0.0782	0.00387	0.0245	0.00214	0.7	-0.22	2.74	1.00	0.00	0.16	111115
24	"10:44:24"	711.5	0	3.43	0.0176	75.5	0.524	2.95	30.78	6	1.42	1	2.84	30.75	30.78	30.88	404.39	400.01	14.190	14.810	32.41	33.83	499.6	999	0	101.6	4.89	-0.00158	0.0782	0.00387	0.0245	0.00214	0.7	-0.22	2.74	1.00	0.00	0.16	111115
"10:45:08 Flow: Fixed -> 500 umol/s"
"10:45:17 i 10 a"
25	"10:45:48"	795.5	0	3.47	0.0183	78.5	0.532	2.89	30.62	6	1.42	1	2.84	30.63	30.62	30.77	399.69	395.27	14.366	14.995	33.05	34.49	499.7	999	0	101.6	4.98	-0.0238	0.918	0.12	0.918	0.132	0.3	-0.22	2.74	1.00	0.00	0.16	111115
26	"10:45:53"	800.5	0	2.77	0.02	160	0.58	2.88	30.62	6	1.42	1	2.84	30.63	30.62	30.76	399.92	396.33	14.376	15.062	33.07	34.65	499.7	999	0	101.6	4.98	-0.0238	0.918	0.12	0.918	0.132	0.3	-0.22	2.74	1.00	0.00	0.16	111115
27	"10:45:59"	807.0	0	2.4	0.021	198	0.608	2.88	30.62	6	1.42	1	2.84	30.63	30.62	30.76	399.78	396.60	14.390	15.109	33.11	34.76	499.6	999	0	101.6	4.98	-0.0238	0.918	0.12	0.918	0.132	0.7	-0.22	2.74	1.00	0.00	0.16	111115
28	"10:46:06"	813.5	0	2.28	0.0218	214	0.63	2.87	30.61	6	1.42	1	2.84	30.62	30.61	30.76	399.70	396.66	14.400	15.145	33.14	34.86	499.6	999	0	101.6	4.98	-0.0238	0.918	0.12	0.918	0.132	0.7	-0.22	2.74	1.00	0.00	0.16	111115
"10:46:17 i 10 b"
29	"10:47:12"	880.0	0	1.51	0.0205	264	0.598	2.9	30.78	6	1.42	1	2.84	30.63	30.78	30.75	400.24	398.15	14.544	15.251	33.45	35.07	499.6	1001	0	101.6	4.98	-0.0238	0.918	0.12	0.918	0.132	0.7	-0.22	2.74	1.00	0.00	0.16	111115
30	"10:47:16"	884.0	0	1.16	0.0203	290	0.593	2.9	30.77	6	1.42	1	2.84	30.64	30.77	30.75	399.57	397.90	14.552	15.252	33.46	35.07	499.6	1001	0	101.6	4.98	-0.0238	0.918	0.12	0.918	0.132	0.7	-0.22	2.74	1.00	0.00	0.16	111115
31	"10:47:20"	888.0	0	1.38	0.0203	272	0.594	2.91	30.79	6	1.42	1	2.84	30.64	30.79	30.75	399.51	397.57	14.557	15.260	33.47	35.08	499.7	1000	0	101.6	4.98	-0.0238	0.918	0.12	0.918	0.132	0.7	-0.22	2.74	1.00	0.00	0.16	111115
32	"10:47:24"	892.0	0	1.62	0.0205	254	0.599	2.91	30.80	6	1.42	1	2.84	30.64	30.80	30.75	399.55	397.32	14.564	15.272	33.48	35.10	499.6	1001	0	101.6	4.98	-0.0238	0.918	0.12	0.918	0.132	0.7	-0.22	2.74	1.00	0.00	0.16	111115
33	"10:47:27"	895.0	0	1.51	0.0208	265	0.61	2.91	30.81	6	1.42	1	2.84	30.65	30.81	30.75	399.29	397.18	14.564	15.286	33.47	35.13	499.6	1000	0	101.6	4.98	-0.0238	0.918	0.12	0.918	0.132	0.7	-0.22	2.74	1.00	0.00	0.16	111115
"10:47:51 i 10 b"
34	"10:48:16"	943.5	0	3.54	0.0332	210	0.957	2.88	30.89	6	1.42	1	2.84	30.66	30.89	30.75	401.13	396.43	14.658	15.789	33.66	36.26	499.7	999	0	101.6	4.98	-0.0238	0.918	0.12	0.918	0.132	0.7	-0.22	2.74	1.00	0.00	0.16	111115
35	"10:48:20"	947.5	0	3.58	0.0331	208	0.956	2.88	30.90	6	1.42	1	2.84	30.67	30.90	30.76	401.94	397.18	14.665	15.795	33.66	36.26	499.6	999	0	101.6	4.98	-0.0238	0.918	0.12	0.918	0.132	0.7	-0.22	2.74	1.00	0.00	0.16	111115
36	"10:48:24"	952.0	0	3.24	0.0327	223	0.947	2.89	30.92	6	1.42	1	2.84	30.67	30.92	30.76	402.11	397.76	14.673	15.791	33.67	36.23	499.7	998	0	101.6	4.98	-0.0238	0.918	0.12	0.918	0.132	0.7	-0.22	2.74	1.00	0.00	0.16	111115
37	"10:48:28"	956.0	0	2.89	0.0327	240	0.949	2.89	30.95	6	1.42	1	2.84	30.68	30.95	30.77	401.76	397.83	14.675	15.796	33.66	36.23	499.7	999	0	101.6	4.98	-0.0238	0.918	0.12	0.918	0.132	0.7	-0.22	2.74	1.00	0.00	0.16	111115
"10:48:40 i 10 c"
38	"10:49:35"	1023.0	0	3.48	0.0499	265	1.35	2.71	30.45	6	1.42	1	2.84	30.70	30.45	30.79	397.97	393.16	14.744	16.336	33.78	37.42	499.6	999	0	101.6	4.98	-0.0238	0.918	0.12	0.918	0.132	0.3	-0.22	2.74	1.00	0.00	0.16	111115
39	"10:49:40"	1027.5	0	3.51	0.0526	270	1.42	2.71	30.48	6	1.42	1	2.84	30.71	30.48	30.80	398.04	393.16	14.751	16.427	33.77	37.61	499.6	999	0	101.6	4.98	-0.0238	0.918	0.12	0.918	0.132	0.7	-0.22	2.74	1.00	0.00	0.16	111115
40	"10:49:44"	1032.0	0	4.58	0.0537	241	1.45	2.71	30.50	6	1.42	1	2.84	30.72	30.50	30.81	399.36	393.17	14.749	16.463	33.75	37.67	499.6	999	0	101.6	4.98	-0.0238	0.918	0.12	0.918	0.132	0.7	-0.22	2.74	1.00	0.00	0.16	111115
41	"10:49:49"	1037.5	0	4.32	0.0548	252	1.48	2.71	30.51	6	1.42	1	2.84	30.73	30.51	30.82	400.53	394.63	14.752	16.500	33.73	37.73	499.6	999	0	101.6	4.98	-0.0238	0.918	0.12	0.918	0.132	0.7	-0.22	2.74	1.00	0.00	0.16	111115
"10:52:46 Flow: Fixed -> 500 umol/s"
"10:53:04 h 10 a"
42	"10:53:49"	1275.5	0	5.29	0.0406	168	1.2	2.95	31.20	6	1.42	1	2.84	30.94	31.20	31.01	399.66	392.74	14.468	15.884	32.69	35.89	499.6	1000	0	101.6	5.77	-0.0149	0.0445	0.00866	0.0254	0.00579	1.0	-0.22	2.74	1.00	0.00	0.16	111115
43	"10:53:53"	1279.5	0	5.36	0.0407	166	1.2	2.95	31.21	6	1.42	1	2.84	30.95	31.21	31.02	399.52	392.52	14.456	15.876	32.65	35.86	499.6	1000	0	101.6	5.77	-0.0149	0.0445	0.00866	0.0254	0.00579	0.7	-0.22	2.74	1.00	0.00	0.16	111115
44	"10:53:57"	1284.5	0	5.82	0.0403	146	1.19	2.96	31.22	6	1.42	1	2.84	30.96	31.22	31.03	399.95	392.40	14.447	15.857	32.62	35.80	499.6	1001	0	101.6	5.77	-0.0149	0.0445	0.00866	0.0254	0.00579	0.7	-0.22	2.74	1.00	0.00	0.16	111115
45	"10:54:02"	1289.5	0	5.74	0.0397	145	1.18	2.97	31.24	6	1.42	1	2.84	30.96	31.24	31.04	400.26	392.80	14.426	15.818	32.56	35.70	499.7	1001	0	101.6	5.77	-0.0149	0.0445	0.00866	0.0254	0.00579	1.0	-0.22	2.74	1.00	0.00	0.16	111115
"10:54:14 h 10 b"
46	"10:55:06"	1353.0	0	4.44	0.0345	172	1.02	2.95	31.04	6	1.42	1	2.84	30.84	31.04	30.94	399.90	394.08	14.256	15.462	32.40	35.14	499.6	999	0	101.6	5.77	-0.0149	0.0445	0.00866	0.0254	0.00579	1.0	-0.22	2.74	1.00	0.00	0.16	111115
47	"10:55:10"	1357.0	0	4.93	0.0347	151	1.03	2.96	31.06	6	1.42	1	2.84	30.85	31.06	30.94	399.97	393.57	14.246	15.461	32.37	35.12	499.6	999	0	101.6	5.77	-0.0149	0.0445	0.00866	0.0254	0.00579	0.7	-0.22	2.74	1.00	0.00	0.16	111115
48	"10:55:14"	1360.5	0	5.4	0.0345	128	1.02	2.96	31.07	6	1.42	1	2.84	30.85	31.07	30.95	400.45	393.48	14.235	15.445	32.33	35.08	499.6	999	0	101.6	5.77	-0.0149	0.0445	0.00866	0.0254	0.00579	0.7	-0.22	2.74	1.00	0.00	0.16	111115
49	"10:55:18"	1365.5	0	5.9	0.0344	104	1.02	2.97	31.10	6	1.42	1	2.84	30.86	31.10	30.95	401.33	393.76	14.216	15.425	32.27	35.01	499.6	999	0	101.6	5.77	-0.0149	0.0445	0.00866	0.0254	0.00579	0.7	-0.22	2.74	1.00	0.00	0.16	111115
50	"10:55:23"	1370.5	0	5.44	0.0342	124	1.02	2.98	31.12	6	1.42	1	2.84	30.87	31.12	30.96	401.62	394.60	14.197	15.403	32.21	34.95	499.7	1000	0	101.6	5.77	-0.0149	0.0445	0.00866	0.0254	0.00579	0.7	-0.22	2.74	1.00	0.00	0.16	111115
"10:55:38 h 10 c"
51	"10:56:59"	1465.5	0	3.55	0.0258	157	0.797	3.08	31.26	6	1.42	1	2.84	30.99	31.26	31.07	398.06	393.41	13.845	14.788	31.20	33.32	499.6	1000	0	101.6	5.77	-0.0149	0.0445	0.00866	0.0254	0.00579	0.7	-0.22	2.74	1.00	0.00	0.16	111115
52	"10:57:04"	1471.0	0	4.47	0.0252	94.3	0.78	3.08	31.28	6	1.42	1	2.84	31.00	31.28	31.08	398.90	393.16	13.829	14.753	31.14	33.22	499.6	1000	0	101.6	5.77	-0.0149	0.0445	0.00866	0.0254	0.00579	0.7	-0.22	2.74	1.00	0.00	0.16	111115
53	"10:57:09"	1475.5	0	4.46	0.0246	88.8	0.764	3.09	31.29	6	1.42	1	2.84	31.01	31.29	31.09	399.23	393.51	13.808	14.711	31.08	33.11	499.6	1000	0	101.6	5.77	-0.0149	0.0445	0.00866	0.0254	0.00579	0.7	-0.22	2.74	1.00	0.00	0.16	111115
54	"10:57:13"	1480.0	0	4.12	0.0244	109	0.76	3.1	31.30	6	1.42	1	2.84	31.02	31.30	31.10	399.11	393.79	13.793	14.692	31.03	33.05	499.6	1000	0	101.6	5.77	-0.0149	0.0445	0.00866	0.0254	0.00579	0.7	-0.22	2.74	1.00	0.00	0.16	111115
"10:58:48 Flow: Fixed -> 500 umol/s"
"10:59:11 Flow: Fixed -> 500 umol/s"
"10:59:30 h 7 a"
55	"11:00:54"	1701.5	0	4.29	0.0408	210	1.16	2.84	30.18	6	1.42	1	2.84	30.22	30.18	30.30	399.88	394.18	13.030	14.400	30.69	33.92	499.6	1001	0	101.6	6.77	-0.012	0.217	0.0115	0.0946	0.00947	0.7	-0.22	2.74	1.00	0.00	0.16	111115
56	"11:00:59"	1706.0	0	4.27	0.0409	211	1.16	2.84	30.17	6	1.42	1	2.84	30.20	30.17	30.29	399.90	394.22	13.008	14.380	30.67	33.90	499.6	1001	0	101.6	6.77	-0.012	0.217	0.0115	0.0946	0.00947	1.0	-0.22	2.74	1.00	0.00	0.16	111115
57	"11:01:04"	1711.0	0	4.23	0.0406	211	1.15	2.84	30.16	6	1.42	1	2.84	30.19	30.16	30.28	399.81	394.18	12.992	14.356	30.65	33.86	499.6	1001	0	101.6	6.77	-0.012	0.217	0.0115	0.0946	0.00947	1.0	-0.22	2.74	1.00	0.00	0.16	111115
58	"11:01:08"	1715.5	0	4.33	0.0402	206	1.14	2.85	30.17	6	1.42	1	2.84	30.18	30.17	30.27	399.84	394.10	12.971	14.324	30.61	33.81	499.6	1001	0	101.6	6.77	-0.012	0.217	0.0115	0.0946	0.00947	1.0	-0.22	2.74	1.00	0.00	0.16	111115
"11:01:23 h 7 b"
59	"11:01:57"	1764.0	0	4.26	0.0419	215	1.21	2.89	30.30	6	1.42	1	2.84	30.17	30.30	30.25	400.16	394.48	12.785	14.215	30.20	33.58	499.6	999	0	101.6	6.77	-0.012	0.217	0.0115	0.0946	0.00947	0.7	-0.22	2.74	1.00	0.00	0.16	111115
60	"11:02:02"	1769.0	0	4.04	0.0429	227	1.23	2.88	30.28	6	1.42	1	2.84	30.17	30.28	30.25	399.88	394.45	12.764	14.226	30.14	33.59	499.6	999	0	101.6	6.77	-0.012	0.217	0.0115	0.0946	0.00947	0.7	-0.22	2.74	1.00	0.00	0.16	111115
61	"11:02:08"	1775.0	0	4.27	0.0435	221	1.25	2.88	30.27	6	1.42	1	2.84	30.18	30.27	30.25	399.93	394.21	12.745	14.226	30.09	33.59	499.6	999	0	101.6	6.77	-0.012	0.217	0.0115	0.0946	0.00947	1.0	-0.22	2.74	1.00	0.00	0.16	111115
62	"11:02:14"	1781.0	0	4.12	0.0439	228	1.26	2.88	30.25	6	1.42	1	2.84	30.18	30.25	30.25	399.90	394.35	12.725	14.217	30.04	33.56	499.6	999	0	101.6	6.77	-0.012	0.217	0.0115	0.0946	0.00947	0.7	-0.22	2.74	1.00	0.00	0.16	111115
"11:02:41 h 7 c"
63	"11:02:51"	1818.0	0	3.86	0.0237	120	0.7	2.95	30.23	6	1.42	1	2.84	30.11	30.23	30.22	400.41	395.43	12.650	13.479	29.98	31.94	499.6	1000	0	101.6	6.77	-0.012	0.217	0.0115	0.0946	0.00947	0.3	-0.22	2.74	1.00	0.00	0.16	111115
64	"11:02:55"	1822.0	0	3.8	0.0256	143	0.757	2.95	30.27	6	1.42	1	2.84	30.12	30.27	30.22	400.95	396.02	12.633	13.530	29.92	32.05	499.6	1000	0	101.6	6.77	-0.012	0.217	0.0115	0.0946	0.00947	0.3	-0.22	2.74	1.00	0.00	0.16	111115
65	"11:02:59"	1826.0	0	4.09	0.0269	138	0.797	2.95	30.29	6	1.42	1	2.84	30.13	30.29	30.23	401.90	396.60	12.620	13.563	29.88	32.11	499.6	1000	0	101.6	6.77	-0.012	0.217	0.0115	0.0946	0.00947	0.3	-0.22	2.74	1.00	0.00	0.16	111115
66	"11:03:03"	1830.0	0	4.1	0.0277	145	0.82	2.96	30.30	6	1.42	1	2.84	30.13	30.30	30.23	402.49	397.18	12.605	13.576	29.83	32.13	499.6	1000	0	101.6	6.77	-0.012	0.217	0.0115	0.0946	0.00947	0.7	-0.22	2.74	1.00	0.00	0.16	111115
"11:04:06 Flow: Fixed -> 500 umol/s"
"11:04:26 Flow: Fixed -> 500 umol/s"
"11:04:34 h 3 a"
67	"11:05:02"	1949.0	0	3.92	0.0286	162	0.86	3	30.42	6	1.42	1	2.84	30.33	30.42	30.37	402.19	397.07	12.404	13.424	29.02	31.41	499.6	999	0	101.6	7.31	-0.00907	0.0839	0.00401	0.0188	0.00626	0.7	-0.22	2.74	1.00	0.00	0.16	111115
68	"11:05:05"	1952.5	0	3.19	0.0283	201	0.853	3	30.42	6	1.42	1	2.84	30.34	30.42	30.38	401.21	396.97	12.402	13.413	29.01	31.37	499.6	999	0	101.6	7.31	-0.00907	0.0839	0.00401	0.0188	0.00626	1.0	-0.22	2.74	1.00	0.00	0.16	111115
69	"11:05:09"	1956.5	0	3.03	0.0284	209	0.853	3	30.40	6	1.42	1	2.84	30.35	30.40	30.39	400.51	396.46	12.394	13.405	28.98	31.34	499.6	1000	0	101.6	7.31	-0.00907	0.0839	0.00401	0.0188	0.00626	0.7	-0.22	2.74	1.00	0.00	0.16	111115
70	"11:05:13"	1960.5	0	3.21	0.0285	199	0.856	3	30.40	6	1.42	1	2.84	30.35	30.40	30.40	399.92	395.66	12.387	13.401	28.95	31.32	499.6	999	0	101.6	7.31	-0.00907	0.0839	0.00401	0.0188	0.00626	0.7	-0.22	2.74	1.00	0.00	0.16	111115
"11:05:33 h 3 b"
71	"11:06:00"	2007.0	0	6.35	0.0416	132	1.25	3.01	30.59	6	1.42	1	2.84	30.42	30.59	30.47	399.87	391.65	12.323	13.803	28.68	32.13	499.6	1001	0	101.6	7.31	-0.00907	0.0839	0.00401	0.0188	0.00626	0.7	-0.22	2.74	1.00	0.00	0.16	111115
72	"11:06:06"	2013.5	0	5.76	0.0414	154	1.25	3.01	30.62	6	1.42	1	2.84	30.44	30.62	30.49	399.64	392.14	12.316	13.792	28.64	32.07	499.6	1001	0	101.6	7.31	-0.00907	0.0839	0.00401	0.0188	0.00626	0.7	-0.22	2.74	1.00	0.00	0.16	111115
73	"11:06:11"	2018.5	0	5.67	0.0414	157	1.25	3.02	30.66	6	1.42	1	2.84	30.46	30.66	30.50	399.58	392.19	12.310	13.790	28.60	32.04	499.6	1001	0	101.6	7.31	-0.00907	0.0839	0.00401	0.0188	0.00626	0.7	-0.22	2.74	1.00	0.00	0.16	111115
74	"11:06:16"	2023.0	0	5.78	0.0415	153	1.25	3.03	30.67	6	1.42	1	2.84	30.47	30.67	30.51	399.65	392.12	12.298	13.782	28.56	32.00	499.7	1000	0	101.6	7.31	-0.00907	0.0839	0.00401	0.0188	0.00626	1.0	-0.22	2.74	1.00	0.00	0.16	111115
"11:06:30 h 3 c"
75	"11:06:57"	2064.0	0	3.75	0.0458	248	1.39	3.04	30.76	6	1.42	1	2.84	30.59	30.76	30.63	401.65	396.48	12.238	13.884	28.21	32.00	499.6	999	0	101.6	7.31	-0.00907	0.0839	0.00401	0.0188	0.00626	0.7	-0.22	2.74	1.00	0.00	0.16	111115
76	"11:07:01"	2068.0	0	3.54	0.0454	255	1.37	3.03	30.73	6	1.42	1	2.84	30.61	30.73	30.64	402.16	397.25	12.234	13.859	28.17	31.92	499.7	999	0	101.6	7.31	-0.00907	0.0839	0.00401	0.0188	0.00626	0.7	-0.22	2.74	1.00	0.00	0.16	111115
77	"11:07:06"	2073.5	0	2.69	0.0448	283	1.35	3.03	30.71	6	1.42	1	2.84	30.63	30.71	30.66	401.05	397.16	12.226	13.830	28.12	31.81	499.6	999	0	101.6	7.31	-0.00907	0.0839	0.00401	0.0188	0.00626	0.7	-0.22	2.74	1.00	0.00	0.16	111115
78	"11:07:11"	2078.5	0	3.22	0.0443	263	1.34	3.03	30.71	6	1.42	1	2.84	30.64	30.71	30.67	401.61	397.09	12.219	13.806	28.08	31.73	499.6	999	0	101.6	7.31	-0.00907	0.0839	0.00401	0.0188	0.00626	0.7	-0.22	2.74	1.00	0.00	0.16	111115
"11:08:35 Flow: Fixed -> 500 umol/s"
"11:08:43 g 5 a"
79	"11:09:28"	2214.5	0	7.01	0.051	155	1.51	2.98	30.59	6	1.42	1	2.84	30.61	30.59	30.62	400.41	391.28	12.206	13.998	28.11	32.24	499.6	1000	0	101.6	7.73	-0.0207	0.111	0.00381	0.0646	0.00307	0.7	-0.22	2.74	1.00	0.00	0.16	111115
80	"11:09:33"	2219.5	0	6.72	0.0511	164	1.52	2.98	30.59	6	1.42	1	2.84	30.60	30.59	30.61	400.08	391.29	12.205	14.003	28.13	32.27	499.6	1000	0	101.6	7.73	-0.0207	0.111	0.00381	0.0646	0.00307	0.7	-0.22	2.74	1.00	0.00	0.16	111115
81	"11:09:38"	2224.5	0	6.72	0.0514	165	1.52	2.98	30.59	6	1.42	1	2.84	30.58	30.59	30.60	399.80	391.01	12.200	14.005	28.14	32.30	499.6	1000	0	101.6	7.73	-0.0207	0.111	0.00381	0.0646	0.00307	0.7	-0.22	2.74	1.00	0.00	0.16	111115
82	"11:09:43"	2229.5	0	6.81	0.0514	162	1.52	2.98	30.59	6	1.42	1	2.84	30.58	30.59	30.59	399.78	390.88	12.197	14.003	28.15	32.31	499.6	1000	0	101.6	7.73	-0.0207	0.111	0.00381	0.0646	0.00307	0.7	-0.22	2.74	1.00	0.00	0.16	111115
83	"11:09:45"	2231.5	0	6.8	0.0509	161	1.52	2.99	30.60	6	1.42	1	2.84	30.57	30.60	30.59	399.70	390.83	12.198	13.993	28.15	32.29	499.7	1000	0	101.6	7.73	-0.0207	0.111	0.00381	0.0646	0.00307	0.7	-0.22	2.74	1.00	0.00	0.16	111115
"11:09:56 g 5 b"
84	"11:10:42"	2288.5	0	7.03	0.0517	157	1.47	2.86	30.11	6	1.42	1	2.84	30.36	30.11	30.41	399.38	390.24	12.245	13.991	28.61	32.69	499.7	1000	0	101.6	7.73	-0.0207	0.111	0.00381	0.0646	0.00307	0.7	-0.22	2.74	1.00	0.00	0.16	111115
85	"11:10:47"	2293.5	0	7.26	0.0516	149	1.47	2.87	30.12	6	1.42	1	2.84	30.35	30.12	30.40	399.22	389.81	12.252	13.995	28.65	32.72	499.6	999	0	101.6	7.73	-0.0207	0.111	0.00381	0.0646	0.00307	0.7	-0.22	2.74	1.00	0.00	0.16	111115
86	"11:10:52"	2298.5	0	7.41	0.0516	144	1.47	2.87	30.14	6	1.42	1	2.84	30.33	30.14	30.39	399.24	389.66	12.250	13.996	28.67	32.75	499.7	999	0	101.6	7.73	-0.0207	0.111	0.00381	0.0646	0.00307	0.7	-0.22	2.74	1.00	0.00	0.16	111115
87	"11:10:57"	2303.5	0	7.53	0.0506	136	1.45	2.88	30.15	6	1.42	1	2.84	30.32	30.15	30.37	399.67	389.95	12.261	13.977	28.72	32.74	499.6	999	0	101.6	7.73	-0.0207	0.111	0.00381	0.0646	0.00307	0.7	-0.22	2.74	1.00	0.00	0.16	111115
"11:11:10 g 5 c"
88	"11:12:08"	2374.5	0	7.9	0.0629	173	1.73	2.77	29.90	6	1.42	1	2.84	30.10	29.90	30.15	400.14	389.84	12.342	14.389	29.27	34.13	499.7	1000	0	101.6	7.73	-0.0207	0.111	0.00381	0.0646	0.00307	0.7	-0.22	2.74	1.00	0.00	0.16	111115
89	"11:12:13"	2379.5	0	7.96	0.0633	172	1.74	2.77	29.91	6	1.42	1	2.84	30.08	29.91	30.13	400.22	389.85	12.339	14.398	29.29	34.18	499.6	1000	0	101.6	7.73	-0.0207	0.111	0.00381	0.0646	0.00307	0.7	-0.22	2.74	1.00	0.00	0.16	111115
90	"11:12:18"	2384.5	0	7.96	0.0634	173	1.74	2.78	29.91	6	1.42	1	2.84	30.06	29.91	30.11	400.26	389.88	12.338	14.400	29.32	34.22	499.6	1000	0	101.6	7.73	-0.0207	0.111	0.00381	0.0646	0.00307	1.0	-0.22	2.74	1.00	0.00	0.16	111115
91	"11:12:24"	2390.5	0	7.83	0.0635	176	1.74	2.77	29.90	6	1.42	1	2.84	30.04	29.90	30.08	400.23	390.01	12.332	14.395	29.34	34.25	499.7	1000	0	101.6	7.73	-0.0207	0.111	0.00381	0.0646	0.00307	1.0	-0.22	2.74	1.00	0.00	0.16	111115
"11:12:53 Flow: Fixed -> 500 umol/s"
"11:13:01 g 1 a"
92	"11:13:39"	2467.0	0	2.2	0.0135	121	0.411	3.03	30.31	6	1.42	1	2.84	29.97	30.31	29.99	399.86	397.02	12.391	12.878	29.61	30.77	499.6	999	0	101.6	8.15	-0.0111	0.634	0.027	0.709	0.0301	0.7	-0.22	2.74	1.00	0.00	0.16	111115
93	"11:13:45"	2472.0	0	2.45	0.0133	89.5	0.407	3.03	30.32	6	1.42	1	2.84	29.97	30.32	30.00	400.36	397.22	12.400	12.882	29.62	30.77	499.6	999	0	101.6	8.15	-0.0111	0.634	0.027	0.709	0.0301	1.0	-0.22	2.74	1.00	0.00	0.16	111115
94	"11:13:49"	2476.5	0	2.26	0.0135	117	0.413	3.03	30.32	6	1.42	1	2.84	29.98	30.32	30.00	400.37	397.47	12.400	12.889	29.61	30.78	499.7	999	0	101.6	8.15	-0.0111	0.634	0.027	0.709	0.0301	0.7	-0.22	2.74	1.00	0.00	0.16	111115
95	"11:13:53"	2480.5	0	2.38	0.0135	103	0.413	3.03	30.33	6	1.42	1	2.84	29.98	30.33	30.01	400.63	397.57	12.402	12.892	29.61	30.78	499.6	999	0	101.6	8.15	-0.0111	0.634	0.027	0.709	0.0301	0.7	-0.22	2.74	1.00	0.00	0.16	111115
"11:14:03 g 1 b"
96	"11:14:43"	2531.0	0	5.28	0.0317	113	0.93	2.93	30.19	6	1.42	1	2.84	30.02	30.19	30.06	400.71	393.93	12.436	13.538	29.62	32.25	499.6	999	0	101.6	8.15	-0.0111	0.634	0.027	0.709	0.0301	1.0	-0.22	2.74	1.00	0.00	0.16	111115
97	"11:14:48"	2535.0	0	4.95	0.0318	130	0.935	2.93	30.20	6	1.42	1	2.84	30.03	30.20	30.06	400.66	394.27	12.432	13.540	29.60	32.24	499.6	1000	0	101.6	8.15	-0.0111	0.634	0.027	0.709	0.0301	0.7	-0.22	2.74	1.00	0.00	0.16	111115
98	"11:14:52"	2539.5	0	4.78	0.0317	138	0.932	2.94	30.21	6	1.42	1	2.84	30.04	30.21	30.07	400.54	394.36	12.434	13.539	29.59	32.22	499.6	1000	0	101.6	8.15	-0.0111	0.634	0.027	0.709	0.0301	0.7	-0.22	2.74	1.00	0.00	0.16	111115
99	"11:14:56"	2543.5	0	4.73	0.0316	140	0.929	2.94	30.21	6	1.42	1	2.84	30.04	30.21	30.07	400.40	394.28	12.433	13.534	29.58	32.20	499.6	1000	0	101.6	8.15	-0.0111	0.634	0.027	0.709	0.0301	0.7	-0.22	2.74	1.00	0.00	0.16	111115
"11:15:05 g 1 c"
100	"11:15:51"	2598.5	0	3.25	0.0209	132	0.632	3.01	30.37	6	1.42	1	2.84	30.09	30.37	30.12	399.63	395.43	12.454	13.203	29.55	31.33	499.6	1000	0	101.6	8.15	-0.0111	0.634	0.027	0.709	0.0301	1.0	-0.22	2.74	1.00	0.00	0.16	111115
101	"11:15:55"	2602.0	0	3.14	0.021	141	0.635	3.01	30.38	6	1.42	1	2.84	30.09	30.38	30.12	399.64	395.56	12.454	13.206	29.54	31.33	499.6	1000	0	101.6	8.15	-0.0111	0.634	0.027	0.709	0.0301	1.0	-0.22	2.74	1.00	0.00	0.16	111115
102	"11:15:58"	2606.0	0	3.22	0.0208	133	0.629	3.01	30.37	6	1.42	1	2.84	30.09	30.37	30.12	399.84	395.67	12.462	13.207	29.56	31.33	499.6	1000	0	101.6	8.15	-0.0111	0.634	0.027	0.709	0.0301	1.0	-0.22	2.74	1.00	0.00	0.16	111115
103	"11:16:02"	2609.5	0	3.13	0.0209	141	0.633	3.01	30.37	6	1.42	1	2.84	30.10	30.37	30.13	399.81	395.75	12.455	13.205	29.53	31.31	499.6	1000	0	101.6	8.15	-0.0111	0.634	0.027	0.709	0.0301	0.7	-0.22	2.74	1.00	0.00	0.16	111115
"11:16:59 Flow: Fixed -> 500 umol/s"
"11:17:07 g 9 a"
104	"11:17:30"	2697.5	0	5.56	0.0336	113	0.933	2.78	29.59	6	1.42	1	2.84	29.80	29.59	29.84	399.09	391.97	12.515	13.620	30.19	32.86	499.6	1000	0	101.6	8.42	-0.0608	1.4	0.197	1.56	0.206	0.3	-0.22	2.74	1.00	0.00	0.16	111115
105	"11:17:35"	2702.5	0	5.78	0.0346	111	0.961	2.78	29.61	6	1.42	1	2.84	29.79	29.61	29.84	399.60	392.21	12.514	13.653	30.21	32.96	499.6	1000	0	101.6	8.42	-0.0608	1.4	0.197	1.56	0.206	0.7	-0.22	2.74	1.00	0.00	0.16	111115
106	"11:17:40"	2707.5	0	5.7	0.0351	118	0.973	2.77	29.60	6	1.42	1	2.84	29.78	29.60	29.84	400.04	392.73	12.517	13.669	30.23	33.02	499.6	1000	0	101.6	8.42	-0.0608	1.4	0.197	1.56	0.206	0.7	-0.22	2.74	1.00	0.00	0.16	111115
107	"11:17:46"	2713.0	0	5.6	0.0352	124	0.974	2.77	29.59	6	1.42	1	2.84	29.77	29.59	29.83	400.19	393.00	12.526	13.680	30.27	33.05	499.7	1000	0	101.6	8.42	-0.0608	1.4	0.197	1.56	0.206	0.7	-0.22	2.74	1.00	0.00	0.16	111115
"11:18:15 g 9 b"
108	"11:18:40"	2767.5	0	6.94	0.0483	146	1.25	2.61	29.06	6	1.42	1	2.84	29.57	29.06	29.64	399.88	390.95	12.565	14.049	30.72	34.35	499.6	1000	0	101.6	8.42	-0.0608	1.4	0.197	1.56	0.206	1.0	-0.22	2.74	1.00	0.00	0.16	111115
109	"11:18:45"	2772.0	0	7	0.0481	144	1.25	2.61	29.05	6	1.42	1	2.84	29.56	29.05	29.63	399.98	390.99	12.564	14.041	30.73	34.34	499.6	1000	0	101.6	8.42	-0.0608	1.4	0.197	1.56	0.206	1.0	-0.22	2.74	1.00	0.00	0.16	111115
110	"11:18:50"	2777.0	0	7.01	0.0474	140	1.23	2.61	29.03	6	1.42	1	2.84	29.55	29.03	29.61	400.10	391.10	12.562	14.017	30.74	34.30	499.6	1000	0	101.6	8.42	-0.0608	1.4	0.197	1.56	0.206	1.0	-0.22	2.74	1.00	0.00	0.16	111115
111	"11:18:54"	2781.5	0	6.93	0.0461	136	1.2	2.61	29.03	6	1.42	1	2.84	29.54	29.03	29.61	399.99	391.11	12.571	13.988	30.78	34.25	499.6	1000	0	101.6	8.42	-0.0608	1.4	0.197	1.56	0.206	1.0	-0.22	2.74	1.00	0.00	0.16	111115
"11:19:22 g 9 c"
112	"11:19:50"	2838.0	0	3.17	0.0183	106	0.516	2.81	29.54	6	1.42	1	2.84	29.44	29.54	29.49	400.09	396.04	12.595	13.207	31.02	32.53	499.6	1000	0	101.6	8.42	-0.0608	1.4	0.197	1.56	0.206	0.7	-0.22	2.74	1.00	0.00	0.16	111115
113	"11:19:55"	2842.0	0	3.06	0.018	110	0.508	2.81	29.54	6	1.42	1	2.84	29.44	29.54	29.49	400.07	396.15	12.595	13.197	31.03	32.51	499.6	1000	0	101.6	8.42	-0.0608	1.4	0.197	1.56	0.206	0.7	-0.22	2.74	1.00	0.00	0.16	111115
114	"11:20:00"	2847.0	0	3.14	0.0179	102	0.505	2.81	29.54	6	1.42	1	2.84	29.43	29.54	29.49	400.19	396.18	12.597	13.195	31.04	32.51	499.6	1000	0	101.6	8.42	-0.0608	1.4	0.197	1.56	0.206	0.7	-0.22	2.74	1.00	0.00	0.16	111115
115	"11:20:04"	2851.5	0	2.99	0.0175	110	0.496	2.81	29.56	6	1.42	1	2.84	29.44	29.56	29.50	400.12	396.29	12.599	13.187	31.04	32.49	499.6	1000	0	101.6	8.42	-0.0608	1.4	0.197	1.56	0.206	1.0	-0.22	2.74	1.00	0.00	0.16	111115
